train/P22/P22_08 43056 43146 0
train/P22/P22_08 28874 28949 0
train/P22/P22_10 21172 21261 0
train/P22/P22_12 26818 26891 0
train/P22/P22_07 23353 23445 0
train/P22/P22_16 20276 20381 0
train/P22/P22_07 97960 98024 0
test/P22/P22_03 13155 13241 0
train/P22/P22_11 16736 16824 0
train/P22/P22_14 3036 3102 0
train/P22/P22_13 12650 12710 0
train/P22/P22_13 5407 5499 0
train/P22/P22_07 55229 55303 0
train/P22/P22_06 1896 1948 0
test/P22/P22_03 57968 58032 0
train/P22/P22_05 19290 19357 0
train/P22/P22_16 73194 73284 0
train/P22/P22_08 33284 33321 0
train/P22/P22_16 57894 57979 0
train/P22/P22_13 10110 10188 0
train/P22/P22_14 41375 41436 0
train/P22/P22_09 2887 3075 0
train/P22/P22_14 13526 13667 0
train/P22/P22_16 57983 58064 0
test/P22/P22_02 178 256 0
train/P22/P22_17 26340 26408 0
train/P22/P22_14 23438 23530 0
test/P22/P22_03 3725 3782 0
train/P22/P22_08 11529 11619 0
train/P22/P22_15 32910 33047 0
test/P22/P22_01 40855 40990 0
test/P22/P22_03 27437 27511 0
train/P22/P22_17 17006 17092 0
train/P22/P22_16 55390 55566 0
train/P22/P22_14 29955 30011 0
train/P22/P22_10 36434 36546 0
test/P22/P22_01 52703 52934 0
train/P22/P22_05 165 273 0
test/P22/P22_02 14559 14601 0
train/P22/P22_14 16896 17004 0
test/P22/P22_02 20025 20212 0
train/P22/P22_11 4872 4941 0
train/P22/P22_05 25890 26037 0
train/P22/P22_13 19064 19143 0
train/P22/P22_17 10963 11071 0
train/P22/P22_13 19374 19423 0
train/P22/P22_05 27893 28004 0
train/P22/P22_15 3789 3913 0
train/P22/P22_10 587 639 0
train/P22/P22_10 49158 49237 0
train/P22/P22_17 34136 34213 0
train/P22/P22_11 527 663 0
train/P22/P22_10 4098 4170 0
train/P22/P22_17 56090 56177 0
test/P22/P22_03 41343 41424 0
test/P22/P22_03 23028 23118 0
train/P22/P22_05 2578 2908 0
train/P22/P22_08 39106 39143 0
train/P22/P22_06 25442 25487 0
train/P22/P22_07 3059 3138 0
train/P22/P22_08 2442 2547 0
test/P22/P22_01 2403 2481 0
train/P22/P22_16 80979 81101 0
train/P22/P22_08 11061 11121 0
test/P22/P22_03 68465 68540 0
train/P22/P22_06 6080 6179 0
train/P22/P22_10 31589 31664 0
train/P22/P22_10 20928 20998 0
test/P22/P22_03 34933 35011 0
train/P22/P22_14 4007 4200 0
train/P22/P22_05 16850 17152 0
test/P22/P22_02 864 1134 0
test/P22/P22_03 24085 24120 0
train/P22/P22_05 71282 71455 0
train/P22/P22_07 44416 44457 0
train/P22/P22_10 30378 30444 0
train/P22/P22_12 38129 38196 0
train/P22/P22_17 66835 66929 0
train/P22/P22_07 124365 124490 0
test/P22/P22_03 607 713 0
train/P22/P22_06 2324 2476 0
train/P22/P22_07 123893 124098 0
train/P22/P22_05 16410 16473 0
train/P22/P22_11 2196 2276 0
train/P22/P22_05 63069 63122 0
train/P22/P22_16 57653 57768 0
train/P22/P22_17 63397 63492 0
train/P22/P22_10 10541 10577 0
train/P22/P22_15 22737 22804 0
train/P22/P22_17 22341 22406 0
train/P22/P22_05 11017 11120 0
test/P22/P22_03 39704 39800 0
train/P22/P22_09 2544 2619 0
train/P22/P22_13 6065 6132 0
train/P22/P22_14 34556 34605 0
test/P22/P22_03 38916 38996 0
train/P22/P22_14 39800 39999 0
train/P22/P22_07 97763 97833 0
train/P22/P22_06 18566 18641 0
train/P22/P22_10 27728 27803 0
train/P22/P22_16 32870 32945 0
train/P22/P22_13 18160 18237 0
test/P22/P22_03 44792 44837 0
test/P22/P22_03 48944 49016 0
train/P22/P22_07 47412 47497 0
test/P22/P22_03 40035 40230 0
train/P22/P22_17 77688 77787 0
test/P22/P22_01 40996 41096 0
train/P22/P22_11 5459 5567 0
train/P22/P22_16 81717 81793 0
train/P22/P22_09 2153 2217 0
train/P22/P22_07 53714 53810 0
train/P22/P22_07 35088 35175 0
train/P22/P22_10 15720 15796 0
train/P22/P22_07 1169 1310 0
train/P22/P22_07 77108 77153 0
train/P22/P22_17 32073 32178 0
train/P22/P22_17 1670 1775 0
train/P22/P22_07 22646 22805 0
train/P22/P22_08 34790 34839 0
test/P22/P22_01 7034 7108 0
train/P22/P22_05 68152 68229 0
test/P22/P22_02 15094 15159 0
train/P22/P22_07 56023 56197 0
train/P22/P22_10 14689 14752 0
train/P22/P22_05 11593 11694 0
train/P22/P22_07 8698 8774 0
train/P22/P22_17 2402 2477 0
train/P22/P22_14 29040 29118 0
train/P22/P22_07 74244 74301 0
test/P22/P22_02 9443 9506 0
train/P22/P22_15 33251 33322 0
test/P22/P22_03 37139 37214 0
train/P22/P22_16 20387 20504 0
test/P22/P22_01 23546 23681 0
train/P22/P22_14 35546 35657 0
test/P22/P22_02 18816 18888 0
train/P22/P22_10 8643 8734 0
train/P22/P22_11 13472 13568 0
train/P22/P22_05 28106 28230 0
train/P22/P22_05 62821 62881 0
train/P22/P22_12 27403 27471 0
test/P22/P22_01 49451 49526 0
train/P22/P22_16 62266 62372 0
train/P22/P22_05 71669 71726 0
train/P22/P22_12 17860 18011 0
train/P22/P22_07 120136 120217 0
test/P22/P22_01 15253 15329 0
train/P22/P22_05 67162 67230 0
test/P22/P22_03 12335 12393 0
train/P22/P22_13 12716 12774 0
test/P22/P22_02 6406 6494 0
test/P22/P22_02 10692 10806 0
test/P22/P22_03 37789 37852 0
train/P22/P22_09 25042 25121 0
train/P22/P22_06 20216 20283 0
train/P22/P22_07 2505 2543 0
train/P22/P22_07 33577 33740 0
train/P22/P22_14 647 842 0
train/P22/P22_10 15543 15652 0
train/P22/P22_15 32563 32767 0
test/P22/P22_03 40681 40729 0
test/P22/P22_03 33852 33935 0
train/P22/P22_15 33116 33194 0
train/P22/P22_16 71738 71934 0
train/P22/P22_07 116948 117068 0
test/P22/P22_03 30424 30612 0
train/P22/P22_13 12167 12301 0
train/P22/P22_17 29759 29841 0
train/P22/P22_14 29057 29132 0
test/P22/P22_02 13266 13341 0
train/P22/P22_10 26156 26250 0
test/P22/P22_03 53301 53376 0
train/P22/P22_05 54620 54740 0
train/P22/P22_13 133 214 0
train/P22/P22_14 23120 23184 0
train/P22/P22_05 38779 38837 0
train/P22/P22_08 8194 8249 0
train/P22/P22_07 9279 9547 0
test/P22/P22_02 3137 3200 0
train/P22/P22_07 57963 58002 0
test/P22/P22_02 12101 12176 0
test/P22/P22_01 9531 9612 0
train/P22/P22_05 8409 8445 0
train/P22/P22_08 5127 5281 0
train/P22/P22_10 21707 21806 0
train/P22/P22_16 81525 81599 0
test/P22/P22_03 68358 68415 0
train/P22/P22_07 46424 46515 0
train/P22/P22_07 92369 92472 0
train/P22/P22_12 26950 27020 0
train/P22/P22_15 33242 33333 0
train/P22/P22_05 25375 25576 0
test/P22/P22_02 12665 12743 0
train/P22/P22_09 6965 7074 0
train/P22/P22_17 64337 64404 0
train/P22/P22_08 10574 10716 0
train/P22/P22_05 72086 72164 0
test/P22/P22_03 6100 6190 0
train/P22/P22_05 14731 14807 0
test/P22/P22_01 58418 58538 0
test/P22/P22_03 43749 43806 0
train/P22/P22_05 50254 50329 0
train/P22/P22_10 33369 33444 0
train/P22/P22_17 37061 37149 0
train/P22/P22_10 46374 46463 0
train/P22/P22_17 26148 26243 0
train/P22/P22_08 28731 28786 0
train/P22/P22_07 23309 23429 0
train/P22/P22_08 663 706 0
test/P22/P22_01 22044 22260 0
train/P22/P22_05 58857 59078 0
train/P22/P22_17 69788 69860 0
train/P22/P22_07 118830 118943 0
train/P22/P22_13 9704 9790 0
train/P22/P22_15 22147 22184 0
train/P22/P22_07 24474 24582 0
train/P22/P22_16 15102 15684 0
test/P22/P22_03 24111 24223 0
train/P22/P22_17 57414 57506 0
train/P22/P22_07 76737 76822 0
train/P22/P22_14 27898 27960 0
train/P22/P22_07 44405 44468 0
train/P22/P22_07 57200 57296 0
train/P22/P22_05 27421 27556 0
train/P22/P22_15 4794 4953 0
test/P22/P22_01 14666 14768 0
train/P22/P22_17 77880 77985 0
test/P22/P22_03 4377 4530 0
train/P22/P22_10 27807 27902 0
train/P22/P22_14 31599 31673 0
train/P22/P22_05 37739 37898 0
train/P22/P22_06 2122 2292 0
train/P22/P22_07 92224 92268 0
train/P22/P22_10 9600 9663 0
train/P22/P22_16 39396 39536 0
train/P22/P22_10 48202 48290 0
test/P22/P22_01 5565 5783 0
train/P22/P22_13 24759 24837 0
train/P22/P22_10 36362 36427 0
train/P22/P22_05 7013 7092 0
train/P22/P22_05 2147 2210 0
train/P22/P22_07 107485 107650 0
test/P22/P22_03 12588 12684 0
train/P22/P22_07 68918 69051 0
train/P22/P22_05 1412 1542 0
train/P22/P22_09 1004 1172 0
train/P22/P22_11 16511 16623 0
train/P22/P22_07 124790 124869 0
train/P22/P22_17 46662 46769 0
test/P22/P22_03 31639 31718 0
test/P22/P22_02 3429 3496 0
train/P22/P22_05 23537 23637 0
train/P22/P22_10 36443 36911 0
train/P22/P22_08 1713 1778 0
test/P22/P22_03 44233 44296 0
train/P22/P22_17 25702 25767 0
train/P22/P22_17 23199 23244 0
train/P22/P22_07 29528 29603 0
test/P22/P22_01 58859 58941 0
train/P22/P22_07 9215 9251 0
train/P22/P22_11 8214 8355 0
train/P22/P22_05 72262 72382 0
test/P22/P22_02 4944 5036 0
train/P22/P22_14 36408 36485 0
train/P22/P22_16 17261 17364 0
test/P22/P22_03 42844 42954 0
test/P22/P22_04 7568 7646 0
train/P22/P22_05 51366 51443 0
train/P22/P22_14 30804 30895 0
train/P22/P22_05 58592 58710 0
train/P22/P22_05 42363 42471 0
train/P22/P22_12 39047 39113 0
train/P22/P22_05 33941 34034 0
test/P22/P22_03 23852 23919 0
test/P22/P22_03 13763 13896 0
train/P22/P22_06 10164 10245 0
train/P22/P22_17 66047 66134 0
train/P22/P22_07 107119 107205 0
test/P22/P22_03 58164 58253 0
train/P22/P22_07 8256 8331 0
train/P22/P22_07 118949 119039 0
train/P22/P22_07 85869 86180 0
train/P22/P22_17 31107 31227 0
train/P22/P22_17 51073 51140 0
train/P22/P22_05 41708 41798 0
train/P22/P22_05 51451 51555 0
train/P22/P22_07 33903 34298 0
train/P22/P22_07 120896 120963 0
train/P22/P22_05 37320 37752 0
train/P22/P22_06 1224 1349 0
train/P22/P22_17 36535 36581 0
train/P22/P22_05 17138 17240 0
train/P22/P22_07 94114 94181 0
train/P22/P22_06 259 329 0
train/P22/P22_07 54764 54833 0
train/P22/P22_07 54167 54272 0
train/P22/P22_07 45737 45821 0
test/P22/P22_03 36823 36898 0
train/P22/P22_09 22984 23051 0
train/P22/P22_05 24999 25241 0
train/P22/P22_07 16975 17245 0
train/P22/P22_07 127900 127966 0
train/P22/P22_07 124178 124293 0
train/P22/P22_07 89414 89520 0
train/P22/P22_07 386 453 0
train/P22/P22_13 14678 14772 0
train/P22/P22_07 108314 108491 0
train/P22/P22_13 25503 25617 0
train/P22/P22_17 62004 62086 0
train/P22/P22_05 21093 21171 0
train/P22/P22_06 2518 2676 0
train/P22/P22_07 111141 111269 0
train/P22/P22_10 36257 36359 0
train/P22/P22_05 25374 25494 0
train/P22/P22_05 66375 66465 0
train/P22/P22_07 58008 58125 0
test/P22/P22_03 34363 34507 0
train/P22/P22_17 8288 8378 0
train/P22/P22_17 58968 59059 0
train/P22/P22_14 36729 36833 0
train/P22/P22_17 29847 29951 0
train/P22/P22_17 32461 32571 0
train/P22/P22_05 45653 45774 0
train/P22/P22_05 27549 27827 0
test/P22/P22_03 22800 22865 0
train/P22/P22_15 15794 16349 0
train/P22/P22_06 3558 4317 0
train/P22/P22_07 84770 84861 0
train/P22/P22_05 28820 28941 0
train/P22/P22_08 49101 49356 0
train/P22/P22_11 23352 23511 0
train/P22/P22_07 69201 69321 0
train/P22/P22_08 50976 51077 0
train/P22/P22_05 4330 4440 0
train/P22/P22_07 47651 47730 0
train/P22/P22_05 60116 60205 0
train/P22/P22_05 58190 58383 0
train/P22/P22_06 25952 26027 0
train/P22/P22_07 121062 121269 0
test/P22/P22_03 36510 36614 0
train/P22/P22_05 51045 51117 0
train/P22/P22_15 8378 8499 0
train/P22/P22_08 208 296 0
train/P22/P22_17 43979 44103 0
train/P22/P22_05 47176 47243 0
train/P22/P22_07 26392 26767 0
train/P22/P22_06 1773 1872 0
train/P22/P22_16 84202 84337 1
train/P22/P22_17 2726 2817 1
train/P22/P22_16 73536 73585 1
train/P22/P22_12 24468 24894 1
test/P22/P22_03 24833 24885 1
train/P22/P22_12 20214 20349 1
test/P22/P22_04 22378 22464 1
test/P22/P22_01 4404 4494 1
train/P22/P22_17 22251 22326 1
train/P22/P22_17 36522 36596 1
train/P22/P22_14 38990 39119 1
train/P22/P22_06 3056 3145 1
train/P22/P22_05 53402 53516 1
train/P22/P22_17 9721 9976 1
train/P22/P22_17 51148 51248 1
train/P22/P22_14 21503 21630 1
train/P22/P22_11 2297 2415 1
train/P22/P22_17 51755 51860 1
train/P22/P22_17 34029 34130 1
train/P22/P22_07 72544 72580 1
test/P22/P22_01 15500 15601 1
train/P22/P22_11 10008 10078 1
train/P22/P22_11 4958 5135 1
train/P22/P22_10 29228 29337 1
train/P22/P22_16 76104 76142 1
train/P22/P22_17 43634 43721 1
train/P22/P22_07 85103 85178 1
train/P22/P22_10 16065 16119 1
train/P22/P22_17 49081 49240 1
train/P22/P22_05 4648 4702 1
train/P22/P22_14 13381 13436 1
train/P22/P22_13 1824 1884 1
train/P22/P22_08 4190 4270 1
train/P22/P22_10 1834 2009 1
train/P22/P22_16 75847 75938 1
train/P22/P22_05 67944 68028 1
test/P22/P22_03 45855 45967 1
train/P22/P22_17 37729 37859 1
train/P22/P22_15 22610 22686 1
train/P22/P22_12 38767 38840 1
train/P22/P22_05 6257 6437 1
train/P22/P22_17 26282 26348 1
train/P22/P22_16 33411 33479 1
train/P22/P22_14 17054 17175 1
train/P22/P22_07 45674 45722 1
train/P22/P22_13 7306 7437 1
train/P22/P22_13 10938 11013 1
test/P22/P22_02 29032 29109 1
test/P22/P22_01 3979 4096 1
train/P22/P22_10 23441 23515 1
train/P22/P22_08 48181 48233 1
train/P22/P22_14 9705 9862 1
train/P22/P22_15 21139 21177 1
train/P22/P22_07 46863 46914 1
train/P22/P22_17 36348 36393 1
test/P22/P22_01 44345 44516 1
test/P22/P22_03 70227 70305 1
train/P22/P22_08 19757 19904 1
test/P22/P22_03 44419 44488 1
train/P22/P22_17 69548 69731 1
train/P22/P22_06 24128 24225 1
train/P22/P22_12 12381 12431 1
train/P22/P22_08 38105 38166 1
train/P22/P22_14 20703 20806 1
train/P22/P22_10 50508 50660 1
train/P22/P22_16 49574 49739 1
test/P22/P22_02 19482 19572 1
test/P22/P22_01 52971 53148 1
train/P22/P22_16 61809 61884 1
train/P22/P22_12 12830 12903 1
train/P22/P22_07 73413 74068 1
train/P22/P22_17 64538 64738 1
train/P22/P22_12 23126 23221 1
train/P22/P22_17 28239 28379 1
train/P22/P22_16 6011 6087 1
train/P22/P22_11 212 323 1
test/P22/P22_03 10214 10316 1
test/P22/P22_03 34281 34357 1
test/P22/P22_03 38427 38676 1
test/P22/P22_03 9315 9419 1
train/P22/P22_15 7398 7561 1
train/P22/P22_16 63020 63083 1
train/P22/P22_12 38202 38274 1
train/P22/P22_07 125191 125229 1
train/P22/P22_08 45269 45323 1
train/P22/P22_12 14337 14506 1
train/P22/P22_11 23864 23939 1
train/P22/P22_16 77213 77258 1
train/P22/P22_17 818 908 1
train/P22/P22_07 54441 54527 1
train/P22/P22_17 62809 62939 1
train/P22/P22_10 8415 8586 1
train/P22/P22_13 25336 25400 1
train/P22/P22_05 57600 57664 1
train/P22/P22_13 24711 24786 1
test/P22/P22_01 4611 4701 1
train/P22/P22_07 13335 13398 1
test/P22/P22_03 25479 25595 1
train/P22/P22_06 25684 25791 1
train/P22/P22_08 7780 7875 1
train/P22/P22_16 2282 2354 1
test/P22/P22_02 12075 12140 1
train/P22/P22_07 6242 6317 1
train/P22/P22_15 9834 9939 1
train/P22/P22_08 42611 42698 1
train/P22/P22_08 51093 51175 1
train/P22/P22_13 27680 27755 1
test/P22/P22_03 20819 20879 1
train/P22/P22_06 18153 18219 1
train/P22/P22_06 6388 6478 1
test/P22/P22_03 13068 13200 1
train/P22/P22_15 10530 10609 1
train/P22/P22_07 50028 50093 1
train/P22/P22_10 6269 6378 1
train/P22/P22_17 2967 3038 1
train/P22/P22_14 15232 15337 1
train/P22/P22_17 41388 41464 1
test/P22/P22_01 38195 38261 1
test/P22/P22_01 60812 60954 1
train/P22/P22_11 21701 21828 1
test/P22/P22_01 43341 43525 1
train/P22/P22_13 11815 11996 1
train/P22/P22_17 68672 68829 1
train/P22/P22_16 72668 72752 1
train/P22/P22_09 6747 6830 1
train/P22/P22_06 2291 2348 1
train/P22/P22_08 4396 4661 1
train/P22/P22_07 11838 11882 1
train/P22/P22_16 68914 68996 1
train/P22/P22_14 10948 11093 1
train/P22/P22_12 2050 2121 1
train/P22/P22_06 11334 11403 1
train/P22/P22_08 4932 5021 1
train/P22/P22_17 31653 31848 1
train/P22/P22_15 6691 6805 1
train/P22/P22_17 3867 3978 1
test/P22/P22_03 18259 18364 1
train/P22/P22_16 3085 3159 1
train/P22/P22_08 7030 7148 1
test/P22/P22_03 43163 43246 1
train/P22/P22_15 15513 16177 1
train/P22/P22_10 19197 19271 1
train/P22/P22_17 7503 7585 1
train/P22/P22_08 54894 54968 1
train/P22/P22_16 45833 45899 1
train/P22/P22_08 10965 11047 1
train/P22/P22_10 37980 38055 1
train/P22/P22_12 17429 17636 1
test/P22/P22_03 13539 13700 1
train/P22/P22_16 80978 81048 1
test/P22/P22_03 12261 12335 1
train/P22/P22_07 86992 87114 1
train/P22/P22_09 9600 9687 1
train/P22/P22_05 57191 57314 1
train/P22/P22_16 77642 77778 1
test/P22/P22_01 9738 9813 1
train/P22/P22_16 4908 5006 1
train/P22/P22_10 46192 46284 1
train/P22/P22_10 3504 4004 1
train/P22/P22_07 25221 25475 1
train/P22/P22_15 35259 35304 1
train/P22/P22_05 27166 27219 1
train/P22/P22_17 48043 48109 1
test/P22/P22_02 17100 17178 1
train/P22/P22_10 53359 53444 1
train/P22/P22_16 2007 2076 1
train/P22/P22_11 1723 1843 1
train/P22/P22_17 42914 43043 1
test/P22/P22_03 70311 70429 1
train/P22/P22_17 63251 63304 1
train/P22/P22_14 4198 4313 1
train/P22/P22_08 26168 26314 1
train/P22/P22_08 23306 23369 1
test/P22/P22_03 5978 6092 1
test/P22/P22_02 1601 1679 1
train/P22/P22_07 66149 66230 1
train/P22/P22_08 54004 54104 1
train/P22/P22_17 42378 42484 1
train/P22/P22_05 55163 55314 1
train/P22/P22_08 25277 25496 1
train/P22/P22_07 65638 65688 1
train/P22/P22_15 17753 17858 1
train/P22/P22_16 11950 12017 1
test/P22/P22_03 43502 43667 1
train/P22/P22_08 18087 18212 1
train/P22/P22_05 57858 57920 1
train/P22/P22_05 10928 11014 1
test/P22/P22_03 34856 34907 1
train/P22/P22_16 49826 49931 1
train/P22/P22_07 84245 84438 1
train/P22/P22_07 22926 23015 1
train/P22/P22_10 36552 36618 1
train/P22/P22_07 9155 9228 1
test/P22/P22_03 20316 20432 1
train/P22/P22_11 2067 2176 1
train/P22/P22_07 74379 74462 1
train/P22/P22_10 465 555 1
test/P22/P22_03 12507 12582 1
test/P22/P22_02 20522 20604 1
test/P22/P22_03 29882 29925 1
train/P22/P22_07 220 353 1
train/P22/P22_17 35747 35811 1
train/P22/P22_07 77050 77097 1
train/P22/P22_17 740 821 1
train/P22/P22_07 29254 29309 1
train/P22/P22_13 14243 14323 1
train/P22/P22_16 51795 51918 1
train/P22/P22_07 64526 64608 1
train/P22/P22_17 3207 3276 1
train/P22/P22_17 61907 62027 1
train/P22/P22_07 21753 21810 1
train/P22/P22_17 54678 54752 1
train/P22/P22_07 121267 121385 1
train/P22/P22_15 31371 31462 1
train/P22/P22_17 29957 30080 1
train/P22/P22_07 120645 120890 1
train/P22/P22_08 20650 20796 1
train/P22/P22_17 12594 12674 1
train/P22/P22_12 39119 39209 1
train/P22/P22_15 19858 19961 1
train/P22/P22_07 7698 7789 1
test/P22/P22_01 60960 61076 1
train/P22/P22_10 11961 12027 1
train/P22/P22_13 13987 14053 1
train/P22/P22_08 55047 55175 1
test/P22/P22_02 30337 30390 1
train/P22/P22_09 3804 3900 1
train/P22/P22_12 38561 38646 1
train/P22/P22_06 8478 8544 1
train/P22/P22_05 9522 9654 1
train/P22/P22_16 81960 82058 1
train/P22/P22_07 55134 55235 1
test/P22/P22_01 11246 11449 1
train/P22/P22_07 8470 8582 1
test/P22/P22_03 45003 45113 1
train/P22/P22_11 14210 14310 1
test/P22/P22_03 26556 26690 1
train/P22/P22_10 23045 23109 1
train/P22/P22_13 24045 24143 1
test/P22/P22_03 41173 41248 1
train/P22/P22_17 66471 66564 1
train/P22/P22_12 27819 27917 1
train/P22/P22_07 77002 77074 1
train/P22/P22_12 11184 11260 1
train/P22/P22_17 36960 37015 1
test/P22/P22_03 39617 39708 1
train/P22/P22_15 9489 9609 1
train/P22/P22_06 11981 12062 1
train/P22/P22_09 25102 25237 1
train/P22/P22_17 25629 25726 1
train/P22/P22_07 79253 79329 1
train/P22/P22_07 4321 4432 1
test/P22/P22_03 19272 19566 1
test/P22/P22_03 58038 58160 1
train/P22/P22_17 67420 67495 1
test/P22/P22_03 3806 3922 1
train/P22/P22_05 51219 51362 1
train/P22/P22_10 14647 14685 1
train/P22/P22_05 1664 1807 1
train/P22/P22_05 43790 43832 1
train/P22/P22_05 41349 41418 1
train/P22/P22_17 4925 5081 1
train/P22/P22_06 4388 4454 1
test/P22/P22_03 42722 42806 1
test/P22/P22_02 18703 18810 1
train/P22/P22_16 8199 8289 1
train/P22/P22_05 68231 68321 1
train/P22/P22_05 2516 2586 1
train/P22/P22_05 71136 71300 1
train/P22/P22_12 12164 12254 1
test/P22/P22_03 35735 35820 1
test/P22/P22_03 70473 70535 1
train/P22/P22_07 12277 12527 1
test/P22/P22_03 29193 29264 1
train/P22/P22_14 4401 4548 1
train/P22/P22_15 35849 35924 1
test/P22/P22_03 68093 68292 1
train/P22/P22_10 45306 45595 1
test/P22/P22_03 23171 23299 1
train/P22/P22_15 3563 3742 1
train/P22/P22_10 35334 35420 1
train/P22/P22_07 28080 28202 1
test/P22/P22_03 31314 31441 1
train/P22/P22_13 1076 1158 1
train/P22/P22_16 20710 20777 1
train/P22/P22_13 6275 6350 1
train/P22/P22_05 59171 59291 1
train/P22/P22_07 53996 54077 1
train/P22/P22_08 42758 42826 1
train/P22/P22_06 1460 1559 1
test/P22/P22_03 8765 8840 1
train/P22/P22_07 112350 112566 1
train/P22/P22_17 56368 56444 1
train/P22/P22_08 7995 8196 1
train/P22/P22_17 66232 66267 1
train/P22/P22_12 13718 13836 1
test/P22/P22_03 6720 6837 1
train/P22/P22_07 64876 64924 1
train/P22/P22_17 23969 24054 1
test/P22/P22_02 1108 1203 1
train/P22/P22_16 81359 81534 1
train/P22/P22_12 26354 26429 1
train/P22/P22_14 28853 28944 1
train/P22/P22_07 109224 109371 1
train/P22/P22_15 5711 5808 1
train/P22/P22_08 35997 36070 1
test/P22/P22_04 3340 3431 1
train/P22/P22_11 14675 14758 1
train/P22/P22_10 15633 15710 1
train/P22/P22_13 2621 2713 1
train/P22/P22_05 36925 37050 1
train/P22/P22_13 5019 5092 1
train/P22/P22_07 130468 130614 1
train/P22/P22_15 18113 18190 1
train/P22/P22_08 18454 18514 1
train/P22/P22_05 7513 7578 1
train/P22/P22_06 361 428 1
test/P22/P22_03 44100 44201 1
train/P22/P22_05 17282 17445 1
train/P22/P22_08 19962 20030 1
train/P22/P22_17 60734 60842 1
train/P22/P22_05 43550 43591 1
train/P22/P22_17 63572 63739 1
train/P22/P22_05 30579 30686 1
train/P22/P22_07 4896 5016 1
train/P22/P22_07 2157 2471 1
test/P22/P22_02 4367 4494 1
test/P22/P22_02 263 404 1
train/P22/P22_07 21591 21684 1
train/P22/P22_10 41468 41738 1
train/P22/P22_11 9299 9372 1
train/P22/P22_05 50282 50352 1
train/P22/P22_07 121301 121354 1
train/P22/P22_10 38780 38930 1
train/P22/P22_10 30267 30365 1
train/P22/P22_17 38691 38769 1
train/P22/P22_17 4173 4284 1
train/P22/P22_14 26455 26666 1
train/P22/P22_17 31201 31269 1
train/P22/P22_08 27195 27360 1
train/P22/P22_07 50517 50559 1
train/P22/P22_07 89073 89148 1
train/P22/P22_06 14031 14128 1
train/P22/P22_15 33044 33117 1
train/P22/P22_08 11448 11523 1
train/P22/P22_08 5700 5788 1
train/P22/P22_08 10347 10467 1
train/P22/P22_17 10390 10480 1
train/P22/P22_07 34991 35082 1
train/P22/P22_07 81794 81927 1
train/P22/P22_07 86925 86997 1
train/P22/P22_08 50381 50447 1
train/P22/P22_15 33312 33384 1
train/P22/P22_13 18096 18146 1
train/P22/P22_15 17987 18107 1
train/P22/P22_06 3004 3069 1
train/P22/P22_09 18845 19083 1
train/P22/P22_07 88823 88896 1
train/P22/P22_07 106169 106272 1
train/P22/P22_07 47750 47834 1
train/P22/P22_07 112970 113210 1
train/P22/P22_05 1333 1419 1
train/P22/P22_05 44198 44264 1
train/P22/P22_05 55337 55404 1
train/P22/P22_05 42030 42367 1
train/P22/P22_07 23693 24468 1
train/P22/P22_05 58446 58586 1
train/P22/P22_07 88682 88801 1
train/P22/P22_07 22403 22508 1
train/P22/P22_17 2483 2558 1
test/P22/P22_03 40898 41033 1
train/P22/P22_16 9667 9731 1
train/P22/P22_05 60618 60851 1
train/P22/P22_08 38995 39099 1
train/P22/P22_11 3486 3551 1
train/P22/P22_08 3094 3213 1
train/P22/P22_13 4908 4995 1
train/P22/P22_05 33838 33921 1
train/P22/P22_07 57006 57072 1
train/P22/P22_05 71071 71154 1
train/P22/P22_06 10322 10442 1
train/P22/P22_07 88247 88377 1
train/P22/P22_07 110382 110517 1
train/P22/P22_13 24978 25055 1
train/P22/P22_05 60470 60553 1
train/P22/P22_10 48579 48617 1
train/P22/P22_07 91333 91438 1
train/P22/P22_06 2026 2127 1
train/P22/P22_07 63991 64161 1
train/P22/P22_17 77431 77581 1
train/P22/P22_05 261 426 1
train/P22/P22_17 44101 44224 1
train/P22/P22_10 6489 6594 1
train/P22/P22_07 16803 16973 1
train/P22/P22_05 71576 71656 1
train/P22/P22_07 47493 47609 1
train/P22/P22_05 49746 49854 1
train/P22/P22_07 54570 54706 1
train/P22/P22_05 47100 47220 1
train/P22/P22_07 113213 113301 1
train/P22/P22_05 29022 29100 1
train/P22/P22_07 86315 86392 1
train/P22/P22_13 29207 29297 1
train/P22/P22_05 37239 37329 1
train/P22/P22_05 62681 62756 1
test/P22/P22_03 40526 40654 1
test/P22/P22_03 58229 58377 1
train/P22/P22_05 72162 72200 1
train/P22/P22_17 67308 67388 1
train/P22/P22_06 16470 16545 1
train/P22/P22_05 14112 14192 1
train/P22/P22_07 115035 115172 1
train/P22/P22_08 22880 22995 1
train/P22/P22_10 22339 22405 1
test/P22/P22_03 29751 29787 1
train/P22/P22_07 68453 68543 1
test/P22/P22_03 24528 24592 1
train/P22/P22_07 111680 111744 1
test/P22/P22_03 30024 30280 1
test/P22/P22_02 2895 2994 1
train/P22/P22_05 73803 73979 1
train/P22/P22_17 135 240 2
train/P22/P22_16 86239 86340 2
train/P22/P22_10 9092 9166 2
train/P22/P22_14 3519 3714 2
train/P22/P22_08 5331 5405 2
train/P22/P22_07 50882 50964 2
train/P22/P22_14 8306 8418 2
train/P22/P22_16 9768 10189 2
train/P22/P22_14 30273 30335 2
train/P22/P22_07 8633 8693 2
train/P22/P22_09 6475 6580 2
test/P22/P22_01 43656 43897 2
train/P22/P22_16 33008 33088 2
train/P22/P22_07 27371 27430 2
test/P22/P22_01 52649 52716 2
train/P22/P22_15 34318 34394 2
train/P22/P22_15 35652 35838 2
test/P22/P22_03 236 279 2
train/P22/P22_16 85391 85515 2
train/P22/P22_08 50205 50283 2
train/P22/P22_12 33986 34061 2
train/P22/P22_17 54808 54932 2
train/P22/P22_13 1768 1822 2
train/P22/P22_05 4768 4873 2
train/P22/P22_07 21251 21330 2
train/P22/P22_12 23281 23371 2
train/P22/P22_16 77890 77970 2
train/P22/P22_10 1052 1139 2
train/P22/P22_07 48486 48636 2
train/P22/P22_08 37645 37692 2
train/P22/P22_05 46852 46898 2
train/P22/P22_11 13216 13319 2
test/P22/P22_03 64934 64980 2
test/P22/P22_03 29270 29305 2
train/P22/P22_13 6569 6636 2
train/P22/P22_05 17451 17582 2
train/P22/P22_16 8466 8631 2
test/P22/P22_02 3919 4012 2
train/P22/P22_08 36560 36651 2
train/P22/P22_12 28979 29069 2
train/P22/P22_07 28313 28380 2
train/P22/P22_16 7094 7169 2
train/P22/P22_11 15736 15786 2
train/P22/P22_07 34395 34458 2
train/P22/P22_16 76771 76841 2
train/P22/P22_15 20681 20753 2
test/P22/P22_03 31846 31910 2
train/P22/P22_08 27410 27785 2
train/P22/P22_14 1345 1540 2
train/P22/P22_06 8432 8497 2
train/P22/P22_12 377 458 2
test/P22/P22_02 749 836 2
train/P22/P22_05 55458 55557 2
train/P22/P22_07 3250 3306 2
train/P22/P22_07 45399 45451 2
train/P22/P22_05 2684 2816 2
train/P22/P22_17 45595 45654 2
train/P22/P22_16 24114 24204 2
train/P22/P22_07 58907 58962 2
train/P22/P22_16 9384 9485 2
test/P22/P22_03 875 936 2
train/P22/P22_13 18390 18459 2
test/P22/P22_03 47267 47312 2
train/P22/P22_05 21174 21222 2
test/P22/P22_02 5768 5925 2
train/P22/P22_05 29649 29682 2
train/P22/P22_11 8611 8702 2
train/P22/P22_12 26435 26585 2
train/P22/P22_05 38286 38343 2
train/P22/P22_14 12914 13079 2
train/P22/P22_07 16000 16267 2
train/P22/P22_07 100382 100470 2
train/P22/P22_05 57438 57496 2
train/P22/P22_11 7434 7550 2
train/P22/P22_05 53624 53669 2
train/P22/P22_07 92235 92363 2
train/P22/P22_08 5838 5901 2
train/P22/P22_17 57314 57383 2
train/P22/P22_07 113773 113848 2
test/P22/P22_03 25791 25869 2
train/P22/P22_12 22703 22792 2
train/P22/P22_05 38592 38667 2
train/P22/P22_09 140 204 2
test/P22/P22_03 67622 67694 2
train/P22/P22_10 56636 56706 2
train/P22/P22_07 109671 109721 2
train/P22/P22_05 58195 58263 2
train/P22/P22_09 12222 12465 2
train/P22/P22_05 71502 71586 2
test/P22/P22_02 29180 29249 2
train/P22/P22_07 74951 74996 2
train/P22/P22_11 13377 13444 2
train/P22/P22_07 83282 83369 2
train/P22/P22_05 51780 51851 2
train/P22/P22_16 72908 72980 2
test/P22/P22_03 4052 4202 2
train/P22/P22_11 8552 8625 2
train/P22/P22_17 46392 46460 2
train/P22/P22_08 3597 3770 2
train/P22/P22_07 89344 89412 2
train/P22/P22_17 13164 13241 2
test/P22/P22_02 523 600 2
train/P22/P22_15 1197 1539 2
train/P22/P22_07 26349 26406 2
train/P22/P22_07 105427 105502 2
train/P22/P22_09 14450 14528 2
train/P22/P22_17 50820 50902 2
test/P22/P22_03 18412 18480 2
train/P22/P22_07 71907 72038 2
train/P22/P22_05 54530 54620 2
train/P22/P22_07 282 365 2
train/P22/P22_08 8246 8315 2
train/P22/P22_07 60324 60428 2
train/P22/P22_07 48123 48189 2
train/P22/P22_05 55851 55917 2
train/P22/P22_15 1939 2046 2
train/P22/P22_12 18406 18488 2
train/P22/P22_08 36934 37020 2
train/P22/P22_06 12920 12984 2
train/P22/P22_07 23274 23357 2
train/P22/P22_06 19870 19922 2
train/P22/P22_07 5086 5138 2
train/P22/P22_07 15788 16236 2
test/P22/P22_01 46340 46415 2
train/P22/P22_05 21695 21773 2
train/P22/P22_05 60029 60146 2
test/P22/P22_01 7701 7770 2
test/P22/P22_03 17169 17261 2
train/P22/P22_16 19979 20129 2
train/P22/P22_15 741 846 2
train/P22/P22_17 34214 34309 2
train/P22/P22_07 90853 90896 2
train/P22/P22_07 81760 81833 2
train/P22/P22_05 27285 27415 2
train/P22/P22_05 6033 6086 2
train/P22/P22_17 68414 68491 2
train/P22/P22_07 15134 15209 2
train/P22/P22_05 4447 4648 2
test/P22/P22_02 8871 8937 2
train/P22/P22_05 22541 22609 2
train/P22/P22_17 24958 25160 2
train/P22/P22_05 66773 66825 2
train/P22/P22_05 61395 61483 2
train/P22/P22_07 16524 16587 2
train/P22/P22_05 22642 22745 2
train/P22/P22_07 79989 80076 2
train/P22/P22_09 3616 3752 2
train/P22/P22_05 4229 4316 2
train/P22/P22_09 9312 9394 2
train/P22/P22_05 56069 56258 2
train/P22/P22_07 21863 21908 2
train/P22/P22_05 24566 24639 2
train/P22/P22_07 59477 59543 2
train/P22/P22_05 52382 52435 2
train/P22/P22_05 56261 56394 2
train/P22/P22_07 66420 66513 2
train/P22/P22_05 24852 24930 2
train/P22/P22_05 45872 45947 2
train/P22/P22_07 44488 44562 2
train/P22/P22_07 17298 17366 2
train/P22/P22_05 58776 58856 2
train/P22/P22_07 116636 116767 2
train/P22/P22_07 22539 22640 2
train/P22/P22_07 111710 111876 2
train/P22/P22_05 30244 30297 2
train/P22/P22_05 68304 68403 2
test/P22/P22_01 52803 52965 3
train/P22/P22_08 32500 32580 3
train/P22/P22_16 68840 68908 3
train/P22/P22_12 25769 25847 3
train/P22/P22_16 4160 4272 3
train/P22/P22_07 112592 112637 3
test/P22/P22_01 47924 48240 3
train/P22/P22_05 45975 46013 3
train/P22/P22_07 76620 76701 3
train/P22/P22_15 30697 30788 3
train/P22/P22_16 8295 8385 3
train/P22/P22_07 116487 116618 3
train/P22/P22_07 21374 21464 3
train/P22/P22_16 23614 23676 3
test/P22/P22_01 7950 8080 3
train/P22/P22_08 22607 22683 3
train/P22/P22_05 57761 57854 3
test/P22/P22_01 7172 7252 3
test/P22/P22_01 3178 3299 3
train/P22/P22_12 2927 2975 3
train/P22/P22_09 2384 2452 3
train/P22/P22_13 11593 11672 3
train/P22/P22_08 37443 37514 3
train/P22/P22_14 3102 3151 3
train/P22/P22_11 15923 16025 3
train/P22/P22_08 32449 32504 3
train/P22/P22_08 31250 31358 3
test/P22/P22_03 25428 25464 3
train/P22/P22_12 33206 33242 3
train/P22/P22_17 68835 68919 3
train/P22/P22_14 23362 23428 3
train/P22/P22_16 70380 70496 3
train/P22/P22_17 25282 25321 3
test/P22/P22_03 53581 53640 3
train/P22/P22_16 39562 39666 3
train/P22/P22_08 7124 7247 3
train/P22/P22_13 14322 14389 3
train/P22/P22_16 36771 36818 3
train/P22/P22_13 7167 7214 3
train/P22/P22_15 10965 11016 3
train/P22/P22_17 20281 20333 3
train/P22/P22_05 71795 71848 3
train/P22/P22_17 51866 51941 3
train/P22/P22_07 17612 17644 3
train/P22/P22_07 54269 54351 3
train/P22/P22_05 22020 22089 3
train/P22/P22_07 45628 45683 3
test/P22/P22_03 278 332 3
train/P22/P22_07 66548 66594 3
train/P22/P22_06 8005 8197 3
train/P22/P22_05 58799 59880 3
train/P22/P22_07 3653 3735 3
train/P22/P22_05 63320 63351 3
train/P22/P22_17 68274 68381 3
train/P22/P22_14 6907 7009 3
train/P22/P22_07 102690 102720 3
train/P22/P22_05 67586 67626 3
train/P22/P22_07 34573 34612 3
test/P22/P22_01 41662 41797 3
train/P22/P22_16 20783 20888 3
train/P22/P22_06 5805 5966 3
train/P22/P22_11 7229 7309 3
train/P22/P22_16 62394 62569 3
train/P22/P22_14 10410 10493 3
test/P22/P22_03 28370 28413 3
train/P22/P22_12 24350 24464 3
train/P22/P22_17 45524 45587 3
train/P22/P22_16 32750 32819 3
train/P22/P22_11 7655 7735 3
train/P22/P22_16 5037 5082 3
train/P22/P22_05 10877 10931 3
train/P22/P22_16 85955 86075 3
train/P22/P22_15 902 954 3
test/P22/P22_03 67565 67646 3
train/P22/P22_07 84867 84964 3
train/P22/P22_08 45329 45369 3
train/P22/P22_05 53588 53618 3
train/P22/P22_07 21986 22024 3
train/P22/P22_17 45735 45779 3
train/P22/P22_17 22404 22487 3
train/P22/P22_16 77510 77644 3
train/P22/P22_08 3983 4090 3
train/P22/P22_14 1996 2102 3
train/P22/P22_12 27476 27540 3
train/P22/P22_14 30173 30236 3
train/P22/P22_09 4811 4875 3
train/P22/P22_07 59795 59937 3
train/P22/P22_05 21504 21610 3
test/P22/P22_02 24416 24482 3
train/P22/P22_05 9630 9712 3
train/P22/P22_14 37407 37602 3
test/P22/P22_02 1673 2222 3
test/P22/P22_03 27156 27231 3
train/P22/P22_15 17819 17974 3
test/P22/P22_02 6024 6126 3
train/P22/P22_10 47852 47951 3
train/P22/P22_17 15394 15479 3
train/P22/P22_05 55965 56042 3
train/P22/P22_12 27104 27277 3
train/P22/P22_17 14373 14442 3
train/P22/P22_07 46782 46856 3
train/P22/P22_07 3008 3071 3
train/P22/P22_05 26586 26705 3
train/P22/P22_07 45090 45182 3
train/P22/P22_16 24289 24353 3
train/P22/P22_11 25193 25268 3
train/P22/P22_05 71430 71512 3
train/P22/P22_07 111257 111326 3
train/P22/P22_08 44777 44870 3
test/P22/P22_04 17122 17212 3
train/P22/P22_07 59029 59102 3
train/P22/P22_05 1768 1874 3
train/P22/P22_05 59081 59147 3
train/P22/P22_05 26503 26610 3
train/P22/P22_12 37220 37333 3
train/P22/P22_07 59278 59385 3
train/P22/P22_13 11605 11687 3
train/P22/P22_05 24759 24843 3
train/P22/P22_05 57306 57380 3
train/P22/P22_15 35976 36069 3
train/P22/P22_17 16667 16897 3
train/P22/P22_07 28722 28785 3
train/P22/P22_05 28008 28149 3
test/P22/P22_03 32099 32234 3
train/P22/P22_07 76424 76564 3
train/P22/P22_07 53192 53327 3
train/P22/P22_16 21120 21206 3
train/P22/P22_07 24974 25104 3
train/P22/P22_07 2628 2692 3
train/P22/P22_07 49810 49941 3
train/P22/P22_05 53741 53886 3
train/P22/P22_05 23358 23490 3
train/P22/P22_10 52500 52840 4
train/P22/P22_17 2555 2756 4
train/P22/P22_08 43815 43882 4
train/P22/P22_10 34556 34691 4
train/P22/P22_17 28386 28724 4
train/P22/P22_15 24737 24897 4
train/P22/P22_05 7359 7509 4
test/P22/P22_02 15131 15437 4
test/P22/P22_03 33376 33570 4
train/P22/P22_13 23713 23803 4
test/P22/P22_03 49667 49800 4
train/P22/P22_08 16759 16875 4
train/P22/P22_07 105022 105196 4
train/P22/P22_05 66818 66884 4
train/P22/P22_07 78651 78712 4
train/P22/P22_10 24676 24954 4
train/P22/P22_06 14879 15079 4
train/P22/P22_15 24260 24590 4
train/P22/P22_06 17861 18147 4
test/P22/P22_03 12362 12513 4
train/P22/P22_17 42648 42876 4
train/P22/P22_08 30240 30591 4
train/P22/P22_17 8120 8199 4
test/P22/P22_03 37220 37311 4
train/P22/P22_05 15473 15958 4
train/P22/P22_09 20882 21212 4
train/P22/P22_06 15174 15384 4
train/P22/P22_16 28169 28257 4
train/P22/P22_17 71457 71532 4
test/P22/P22_03 66336 66495 4
train/P22/P22_17 39551 39682 4
test/P22/P22_03 64578 64776 4
test/P22/P22_02 14361 14586 4
train/P22/P22_07 102434 102514 4
train/P22/P22_09 23248 23413 4
test/P22/P22_03 7307 7605 4
train/P22/P22_09 15866 16225 4
train/P22/P22_10 41960 42288 4
test/P22/P22_03 13923 14395 4
train/P22/P22_08 24989 25124 4
train/P22/P22_17 19360 19451 4
train/P22/P22_07 6276 6570 4
train/P22/P22_13 28546 28655 4
train/P22/P22_08 24063 24638 4
test/P22/P22_03 28008 28083 4
test/P22/P22_03 63662 63923 4
train/P22/P22_17 73778 74183 4
train/P22/P22_05 13062 13230 4
train/P22/P22_08 48563 48680 4
train/P22/P22_13 17466 17618 4
test/P22/P22_02 25707 25959 4
train/P22/P22_14 34185 34262 4
test/P22/P22_03 60327 60509 4
train/P22/P22_14 18983 19142 4
train/P22/P22_09 18395 18482 4
train/P22/P22_05 62184 62434 4
train/P22/P22_10 7675 7997 4
train/P22/P22_08 6053 7027 4
train/P22/P22_07 28376 28751 4
train/P22/P22_15 29090 29164 4
train/P22/P22_17 33833 34023 4
train/P22/P22_05 9394 9544 4
train/P22/P22_13 28233 28430 4
test/P22/P22_03 20892 21153 4
train/P22/P22_13 15452 15585 4
train/P22/P22_06 20285 20601 4
train/P22/P22_17 3044 3201 4
train/P22/P22_14 26858 27209 4
train/P22/P22_09 10529 10672 4
train/P22/P22_08 9921 10022 4
train/P22/P22_10 55917 56009 4
test/P22/P22_03 33637 33834 4
train/P22/P22_13 21869 22169 4
train/P22/P22_08 33435 33787 4
test/P22/P22_03 51524 52077 4
train/P22/P22_10 19539 19808 4
train/P22/P22_06 13851 14025 4
train/P22/P22_05 13710 14129 4
train/P22/P22_06 13571 14029 4
train/P22/P22_05 67341 67462 4
train/P22/P22_17 40184 40727 4
train/P22/P22_07 110029 110406 4
test/P22/P22_02 11034 11339 4
train/P22/P22_05 64876 65093 4
train/P22/P22_15 11022 11155 4
train/P22/P22_15 611 735 4
train/P22/P22_10 51808 51978 4
train/P22/P22_17 6377 6652 4
train/P22/P22_08 39422 39534 4
train/P22/P22_08 18351 18433 4
test/P22/P22_03 58896 59003 4
test/P22/P22_03 66585 66914 4
train/P22/P22_12 2609 2922 4
train/P22/P22_08 16901 17199 4
train/P22/P22_07 78928 79203 4
train/P22/P22_07 60450 60538 4
train/P22/P22_09 9477 9580 4
train/P22/P22_17 46889 47136 4
train/P22/P22_05 7418 7502 4
train/P22/P22_05 11724 11829 4
test/P22/P22_03 67660 67907 4
test/P22/P22_03 66332 66579 4
train/P22/P22_06 9590 9834 4
train/P22/P22_09 19095 19271 4
train/P22/P22_07 20508 20802 4
train/P22/P22_05 29624 29969 4
train/P22/P22_08 33853 34068 4
train/P22/P22_13 16550 16715 4
test/P22/P22_03 9814 10307 4
train/P22/P22_09 20352 20630 4
train/P22/P22_08 7515 7777 4
train/P22/P22_07 127938 128168 4
test/P22/P22_03 66501 66725 4
train/P22/P22_06 19954 20231 4
train/P22/P22_10 23967 24093 4
train/P22/P22_05 7845 8011 4
train/P22/P22_06 15847 16177 4
test/P22/P22_03 39175 39280 4
train/P22/P22_07 5654 5833 4
train/P22/P22_10 50646 50745 4
test/P22/P22_03 29801 29880 4
test/P22/P22_03 21807 21918 4
test/P22/P22_02 18894 18993 4
train/P22/P22_08 33005 33257 4
train/P22/P22_08 11670 11980 4
train/P22/P22_13 11018 11122 4
train/P22/P22_06 11463 11587 4
test/P22/P22_03 41104 41193 4
train/P22/P22_17 20961 21447 4
train/P22/P22_08 24644 24931 4
test/P22/P22_03 18478 18635 4
train/P22/P22_10 15146 15309 4
train/P22/P22_10 25930 26089 4
train/P22/P22_07 90385 90835 4
test/P22/P22_03 2714 2832 4
train/P22/P22_05 11126 11462 4
train/P22/P22_08 38539 39007 4
train/P22/P22_14 22939 22997 4
test/P22/P22_03 32685 33309 4
train/P22/P22_05 65148 65224 4
train/P22/P22_12 10770 10865 4
train/P22/P22_08 16075 16605 4
train/P22/P22_05 64695 64812 4
train/P22/P22_17 43236 43307 4
train/P22/P22_10 38603 39264 4
test/P22/P22_03 64779 64884 4
test/P22/P22_03 51602 52252 4
train/P22/P22_13 23028 23438 4
train/P22/P22_17 47142 47436 4
train/P22/P22_10 50170 50346 4
train/P22/P22_16 5156 5297 4
train/P22/P22_05 10531 10771 4
test/P22/P22_02 25950 26360 4
train/P22/P22_13 25055 25205 4
test/P22/P22_03 10523 11043 4
test/P22/P22_03 29531 29744 4
test/P22/P22_03 54663 54754 4
train/P22/P22_17 4614 4922 4
train/P22/P22_15 35345 35516 4
train/P22/P22_07 64794 64885 4
train/P22/P22_07 102346 102428 4
test/P22/P22_03 49410 49680 4
train/P22/P22_07 90037 90237 4
train/P22/P22_17 8369 8616 4
train/P22/P22_13 8277 8398 4
test/P22/P22_03 37604 37720 4
train/P22/P22_08 39139 39329 4
train/P22/P22_06 16351 16457 4
train/P22/P22_17 18416 19354 4
train/P22/P22_07 101545 101690 4
train/P22/P22_17 71235 71340 4
train/P22/P22_05 65471 65828 4
train/P22/P22_11 23981 24137 4
test/P22/P22_03 62514 62602 4
test/P22/P22_02 18462 18570 4
train/P22/P22_10 24200 24303 4
train/P22/P22_05 7098 7295 4
train/P22/P22_10 17023 17523 4
train/P22/P22_13 5535 5821 4
train/P22/P22_05 8792 9044 4
train/P22/P22_15 34370 34461 4
train/P22/P22_15 22862 22979 4
train/P22/P22_05 9761 10556 4
train/P22/P22_08 33005 33260 4
train/P22/P22_07 60711 61268 4
train/P22/P22_10 5550 5642 4
train/P22/P22_17 49694 50228 4
test/P22/P22_03 36267 36504 4
test/P22/P22_03 43908 44086 4
train/P22/P22_13 20712 21010 4
train/P22/P22_08 13223 13476 4
train/P22/P22_10 31908 32490 4
train/P22/P22_13 6624 6699 4
test/P22/P22_03 38524 38669 4
test/P22/P22_03 7878 8078 4
train/P22/P22_13 28865 28975 4
train/P22/P22_06 9575 9830 4
test/P22/P22_03 35007 35595 4
test/P22/P22_02 10709 10799 4
test/P22/P22_03 4907 4943 4
test/P22/P22_03 8157 8424 4
train/P22/P22_13 20492 20724 4
test/P22/P22_03 67668 67894 4
test/P22/P22_02 19070 19210 4
train/P22/P22_11 21348 21622 4
test/P22/P22_02 27659 27885 4
test/P22/P22_03 62700 63266 4
test/P22/P22_03 27033 27117 4
test/P22/P22_03 17991 18074 4
train/P22/P22_07 34689 34760 4
test/P22/P22_03 52148 52513 4
test/P22/P22_03 11074 11535 4
train/P22/P22_08 41477 41655 4
test/P22/P22_03 67189 67488 4
train/P22/P22_08 8594 9169 4
train/P22/P22_17 3467 3924 4
train/P22/P22_13 29037 29111 4
test/P22/P22_03 45212 45320 4
train/P22/P22_07 4102 4211 4
train/P22/P22_17 76543 76691 4
test/P22/P22_03 62809 62989 4
train/P22/P22_13 3837 3912 4
train/P22/P22_17 46905 47482 4
train/P22/P22_08 50271 50375 4
train/P22/P22_08 37770 38099 4
train/P22/P22_17 43479 43638 4
train/P22/P22_10 14080 14145 4
test/P22/P22_03 21706 21810 4
train/P22/P22_07 101726 101831 4
train/P22/P22_13 26142 26207 4
train/P22/P22_11 22043 22143 4
train/P22/P22_09 22407 22917 4
train/P22/P22_07 94634 94863 4
test/P22/P22_03 50320 50547 4
train/P22/P22_17 9540 9705 4
train/P22/P22_05 67455 67610 4
test/P22/P22_02 9884 9979 4
train/P22/P22_15 20255 20361 4
train/P22/P22_17 27307 27750 4
test/P22/P22_03 5840 6020 4
test/P22/P22_03 10403 11068 4
train/P22/P22_07 4431 4701 4
train/P22/P22_05 50823 50958 4
train/P22/P22_08 20142 20637 4
train/P22/P22_06 22679 23257 4
train/P22/P22_05 67236 67418 4
train/P22/P22_05 62085 62186 4
train/P22/P22_05 63634 64025 4
test/P22/P22_03 33992 34281 4
test/P22/P22_03 15489 15744 4
test/P22/P22_03 42979 43154 4
train/P22/P22_13 6127 6283 4
test/P22/P22_03 43806 44107 4
train/P22/P22_08 25130 25415 4
test/P22/P22_03 64444 64675 4
train/P22/P22_08 14723 14892 4
train/P22/P22_07 11957 12167 4
train/P22/P22_13 16339 16593 4
train/P22/P22_05 11889 12378 4
test/P22/P22_03 14366 14718 4
train/P22/P22_08 14082 14193 4
train/P22/P22_13 8868 9177 4
train/P22/P22_06 21378 21461 4
train/P22/P22_10 22243 22333 4
train/P22/P22_05 6091 6176 4
train/P22/P22_08 33312 33459 4
test/P22/P22_03 18641 19044 4
train/P22/P22_07 104327 104547 4
train/P22/P22_07 16528 16708 4
test/P22/P22_03 29311 29461 4
train/P22/P22_17 24618 24830 4
train/P22/P22_15 18771 18986 4
train/P22/P22_05 65264 65515 4
train/P22/P22_17 52790 53270 4
test/P22/P22_03 41941 42159 4
train/P22/P22_05 5473 5638 4
train/P22/P22_05 6464 6747 4
train/P22/P22_13 5163 5394 4
train/P22/P22_05 12722 13084 4
train/P22/P22_17 45174 45287 4
train/P22/P22_07 98298 98868 4
train/P22/P22_05 6833 6979 4
train/P22/P22_06 16210 16298 4
train/P22/P22_12 28710 28897 4
train/P22/P22_13 8684 8861 4
test/P22/P22_02 13979 14361 4
train/P22/P22_05 46112 46277 4
test/P22/P22_03 42414 42694 4
test/P22/P22_03 34535 34839 4
train/P22/P22_05 8528 8722 4
test/P22/P22_03 1277 1390 4
train/P22/P22_06 11822 12000 4
test/P22/P22_03 16393 17082 4
test/P22/P22_03 32507 32625 4
train/P22/P22_06 13001 13105 4
train/P22/P22_06 18269 18479 4
train/P22/P22_15 2387 2743 4
train/P22/P22_05 13139 13658 4
train/P22/P22_05 63417 63580 4
train/P22/P22_08 10740 10808 4
train/P22/P22_10 40116 40214 4
train/P22/P22_07 103162 103379 4
test/P22/P22_03 36916 37083 4
test/P22/P22_03 53843 54009 4
test/P22/P22_03 36618 36785 4
test/P22/P22_03 4530 4631 4
test/P22/P22_03 40305 40530 4
train/P22/P22_13 3716 4091 4
train/P22/P22_06 15755 15923 4
test/P22/P22_03 60951 61130 4
test/P22/P22_03 43308 43477 4
test/P22/P22_03 50619 50703 4
train/P22/P22_13 16707 17082 4
test/P22/P22_03 14825 15009 4
train/P22/P22_10 51972 52158 4
test/P22/P22_03 8893 9309 4
train/P22/P22_05 72498 72787 7
train/P22/P22_07 74564 74759 7
train/P22/P22_07 45456 45632 7
test/P22/P22_02 10790 10931 7
train/P22/P22_11 11031 11117 7
train/P22/P22_14 1556 1646 7
train/P22/P22_11 10677 10737 7
train/P22/P22_11 10471 10526 7
train/P22/P22_14 1199 2011 7
train/P22/P22_07 25629 25837 7
train/P22/P22_12 40241 40366 7
train/P22/P22_07 115407 115470 7
train/P22/P22_07 69588 69815 7
train/P22/P22_07 46611 46776 7
train/P22/P22_07 112667 112953 7
train/P22/P22_07 69745 69936 7
train/P22/P22_11 16889 17393 7
train/P22/P22_05 23797 24257 7
train/P22/P22_05 73639 73764 7
train/P22/P22_05 23058 23265 7
train/P22/P22_07 52446 52614 7
train/P22/P22_11 10199 10489 7
train/P22/P22_07 72047 72524 7
train/P22/P22_12 20669 20894 5
train/P22/P22_07 39939 40435 5
train/P22/P22_12 12435 12512 5
train/P22/P22_16 26220 27911 5
train/P22/P22_05 48752 48905 5
train/P22/P22_16 24614 24837 5
train/P22/P22_07 37090 38440 5
train/P22/P22_12 14814 15107 5
train/P22/P22_05 40165 40305 5
train/P22/P22_16 58752 58927 5
train/P22/P22_16 55964 56045 5
train/P22/P22_16 56109 56191 5
train/P22/P22_16 58348 58423 5
train/P22/P22_12 15918 16008 5
train/P22/P22_07 19567 20414 5
train/P22/P22_12 15438 15530 5
train/P22/P22_07 18023 18091 5
train/P22/P22_07 28913 29051 5
train/P22/P22_05 39726 39979 5
train/P22/P22_16 14328 14465 5
train/P22/P22_07 10220 10470 5
train/P22/P22_12 16592 16956 5
train/P22/P22_05 41145 41278 5
train/P22/P22_07 38867 39627 5
train/P22/P22_12 12909 13167 5
train/P22/P22_07 35152 35410 5
train/P22/P22_05 49969 50180 5
train/P22/P22_05 43025 43277 5
train/P22/P22_05 42419 42786 5
train/P22/P22_07 10569 10697 5
train/P22/P22_05 43283 43511 5
train/P22/P22_05 39364 39720 5
train/P22/P22_16 63746 65401 5
train/P22/P22_05 44022 44129 5
train/P22/P22_05 49011 49586 5
train/P22/P22_16 24935 25027 5
train/P22/P22_05 44888 44983 5
train/P22/P22_16 21903 22037 5
train/P22/P22_07 18300 18435 5
train/P22/P22_07 40365 40820 5
train/P22/P22_12 17283 17364 5
train/P22/P22_05 43838 43937 5
train/P22/P22_07 106421 106868 6
train/P22/P22_16 73829 74446 6
train/P22/P22_07 67674 67815 6
train/P22/P22_16 73677 73993 6
train/P22/P22_07 126059 126170 6
train/P22/P22_07 121624 121803 6
train/P22/P22_07 117488 118103 6
train/P22/P22_07 59548 59804 6
train/P22/P22_07 50373 50497 6
train/P22/P22_07 43797 44355 6
train/P22/P22_07 119450 119606 6
train/P22/P22_07 128762 129144 6
train/P22/P22_07 123198 123750 6
train/P22/P22_07 126317 126452 6
train/P22/P22_07 86585 86781 6
train/P22/P22_07 45807 46045 6
train/P22/P22_07 125395 125724 6
