train/P01/P01_18 51062 51144 2
train/P01/P01_01 49272 49343 2
test/P01/P01_15 42782 42854 2
train/P01/P01_09 163917 163989 2
train/P01/P01_05 18606 18659 2
train/P01/P01_17 67955 68019 2
train/P01/P01_04 1133 1208 2
test/P01/P01_12 4600 4701 2
test/P01/P01_14 11603 11705 2
test/P01/P01_14 1162 1632 2
train/P01/P01_01 25783 26027 2
train/P01/P01_05 26421 27312 2
train/P01/P01_18 8837 8937 2
train/P01/P01_05 20268 20424 2
train/P01/P01_18 56637 56717 2
train/P01/P01_09 153013 153113 2
train/P01/P01_09 129228 129410 2
test/P01/P01_14 12345 12419 2
train/P01/P01_09 123367 123485 2
train/P01/P01_01 31007 31081 2
train/P01/P01_05 58307 58442 2
test/P01/P01_14 30269 30533 2
test/P01/P01_14 29822 29895 2
train/P01/P01_09 11777 11858 2
train/P01/P01_05 46824 46875 2
train/P01/P01_09 209579 209709 2
train/P01/P01_09 7982 8612 2
train/P01/P01_18 72375 72444 2
train/P01/P01_18 154453 154517 2
test/P01/P01_14 2152 2265 2
train/P01/P01_05 24162 24243 2
train/P01/P01_09 142632 142695 2
train/P01/P01_18 3750 3830 2
train/P01/P01_18 655 738 2
train/P01/P01_18 55924 56016 2
train/P01/P01_18 8282 8375 2
train/P01/P01_01 58274 58316 2
test/P01/P01_12 5078 5182 2
train/P01/P01_18 55278 55333 2
train/P01/P01_01 97515 97616 2
train/P01/P01_01 30488 30595 2
train/P01/P01_05 247 354 2
test/P01/P01_14 40480 40559 2
train/P01/P01_01 59671 59823 2
train/P01/P01_07 2951 3034 2
train/P01/P01_09 480 591 2
train/P01/P01_05 38189 38657 2
train/P01/P01_09 213675 213756 2
train/P01/P01_18 60302 60373 2
train/P01/P01_09 82489 82564 2
train/P01/P01_18 67353 67435 2
train/P01/P01_18 76334 76426 2
train/P01/P01_01 49752 50117 2
train/P01/P01_09 69478 69583 2
train/P01/P01_09 205022 205113 2
test/P01/P01_14 30586 30709 2
test/P01/P01_14 56430 56522 2
train/P01/P01_09 66654 66717 2
train/P01/P01_05 23922 23975 2
train/P01/P01_17 36414 36497 2
train/P01/P01_18 175318 175444 2
train/P01/P01_18 50203 50270 2
train/P01/P01_18 78425 78522 2
train/P01/P01_17 36898 37070 2
train/P01/P01_09 3889 3951 2
train/P01/P01_18 85752 86357 2
train/P01/P01_01 2506 2552 2
test/P01/P01_14 6910 6985 2
train/P01/P01_01 7 201 2
train/P01/P01_18 133637 133743 2
train/P01/P01_18 93318 93448 2
train/P01/P01_18 57998 58784 2
train/P01/P01_01 28286 28361 2
train/P01/P01_09 7276 7377 2
train/P01/P01_09 60941 61022 2
train/P01/P01_09 152172 152352 2
train/P01/P01_01 15902 15985 2
train/P01/P01_09 202416 202499 2
train/P01/P01_18 2420 2495 2
train/P01/P01_18 60650 60741 2
train/P01/P01_09 173366 173413 2
train/P01/P01_09 77961 78801 2
train/P01/P01_18 121255 121342 2
train/P01/P01_09 68196 68311 2
train/P01/P01_01 52527 53103 2
train/P01/P01_18 4028 4110 2
train/P01/P01_09 11392 11484 2
train/P01/P01_09 1589 1709 2
train/P01/P01_09 207084 207176 2
train/P01/P01_18 63424 63492 2
train/P01/P01_09 178289 178429 2
train/P01/P01_18 84666 84730 2
train/P01/P01_09 146476 146566 2
train/P01/P01_18 3213 3302 2
test/P01/P01_12 5609 5760 3
train/P01/P01_18 60503 60563 3
train/P01/P01_07 3362 3425 3
train/P01/P01_09 76941 76985 3
train/P01/P01_18 62198 62489 3
train/P01/P01_04 1365 1455 3
train/P01/P01_17 30120 30164 3
train/P01/P01_17 42935 42994 3
train/P01/P01_07 7418 7514 3
train/P01/P01_09 4794 4866 3
train/P01/P01_19 20561 20604 3
train/P01/P01_05 74252 74528 3
test/P01/P01_12 8660 8765 3
test/P01/P01_14 33114 33168 3
train/P01/P01_18 79470 79521 3
test/P01/P01_14 20337 20387 3
train/P01/P01_02 28926 29007 3
train/P01/P01_18 740 830 3
train/P01/P01_09 115394 115440 3
train/P01/P01_18 92810 92945 3
train/P01/P01_01 6180 6225 3
train/P01/P01_18 175021 175113 3
train/P01/P01_07 7061 7257 3
train/P01/P01_01 417 568 3
train/P01/P01_09 80179 80249 3
train/P01/P01_07 6286 6361 3
train/P01/P01_05 19611 19681 3
train/P01/P01_18 174585 174661 3
train/P01/P01_09 4518 4643 3
train/P01/P01_18 175610 175712 3
test/P01/P01_11 26266 26344 3
train/P01/P01_18 13125 13301 3
train/P01/P01_18 62334 62530 3
train/P01/P01_05 17520 17582 3
train/P01/P01_17 36101 36182 3
train/P01/P01_16 10159 10325 3
train/P01/P01_05 24045 24135 3
train/P01/P01_18 27483 27591 3
train/P01/P01_18 50784 50988 3
train/P01/P01_09 92668 92756 3
train/P01/P01_17 8222 8310 3
train/P01/P01_05 57061 57135 3
train/P01/P01_18 51456 51620 3
train/P01/P01_09 105305 105470 3
train/P01/P01_18 4390 4465 3
train/P01/P01_18 70469 70553 3
train/P01/P01_18 75621 75711 3
train/P01/P01_05 20629 20789 3
train/P01/P01_18 134036 134169 3
train/P01/P01_18 2087 2223 3
train/P01/P01_01 28603 28758 3
train/P01/P01_09 173957 174020 3
train/P01/P01_05 10820 10898 3
test/P01/P01_14 11028 11216 3
train/P01/P01_09 92135 92201 3
train/P01/P01_05 28341 28454 3
train/P01/P01_18 84960 85036 3
train/P01/P01_01 1313 1398 3
train/P01/P01_01 1752 1878 3
test/P01/P01_14 25835 25989 3
train/P01/P01_18 27218 27298 3
train/P01/P01_18 2010 2085 3
train/P01/P01_09 109331 109453 3
train/P01/P01_18 42206 42283 3
train/P01/P01_09 143682 143849 3
train/P01/P01_05 11493 11574 3
train/P01/P01_18 57608 57692 3
train/P01/P01_09 117789 117835 3
train/P01/P01_18 87358 87718 3
test/P01/P01_14 25046 25181 3
train/P01/P01_09 68384 68549 3
train/P01/P01_18 56225 56345 3
train/P01/P01_18 4231 4287 3
train/P01/P01_09 203023 203152 3
train/P01/P01_09 1224 1295 3
test/P01/P01_14 13476 13555 3
train/P01/P01_09 197258 197348 3
train/P01/P01_18 55912 56325 3
train/P01/P01_09 104355 104475 3
train/P01/P01_09 167721 167795 3
train/P01/P01_09 79206 79551 3
train/P01/P01_17 47373 47508 0
train/P01/P01_09 174152 174186 0
train/P01/P01_05 31539 31695 0
train/P01/P01_18 217081 217172 0
test/P01/P01_14 11923 12073 0
train/P01/P01_07 2759 2955 0
train/P01/P01_17 3250 3386 0
train/P01/P01_16 1805 1940 0
train/P01/P01_01 2591 2797 0
train/P01/P01_09 187212 187284 0
train/P01/P01_09 111734 111846 0
train/P01/P01_09 96096 96351 0
train/P01/P01_18 219984 220023 0
train/P01/P01_01 40769 40936 0
test/P01/P01_14 79698 79933 0
train/P01/P01_05 71741 71815 0
train/P01/P01_02 28086 28164 0
train/P01/P01_09 3304 3387 0
train/P01/P01_16 1115 1190 0
test/P01/P01_14 10895 11022 0
train/P01/P01_05 523 852 0
train/P01/P01_18 45704 45890 0
train/P01/P01_09 181988 182108 0
train/P01/P01_17 9533 9618 0
train/P01/P01_09 123722 123809 0
test/P01/P01_14 41226 41295 0
train/P01/P01_01 55297 55342 0
train/P01/P01_05 11565 11676 0
train/P01/P01_01 62216 62484 0
train/P01/P01_18 57706 57888 0
train/P01/P01_01 28049 28112 0
train/P01/P01_05 32672 32763 0
train/P01/P01_09 104145 104214 0
train/P01/P01_09 95696 95861 0
train/P01/P01_18 157464 157515 0
train/P01/P01_09 183104 183178 0
train/P01/P01_09 161241 161303 0
train/P01/P01_18 145453 145528 0
train/P01/P01_18 169780 169877 0
train/P01/P01_05 6900 7084 0
train/P01/P01_09 7645 7778 0
train/P01/P01_19 9239 9301 0
train/P01/P01_09 164675 164870 0
train/P01/P01_09 86315 86570 0
train/P01/P01_17 42754 42966 0
train/P01/P01_18 148328 148373 0
train/P01/P01_01 33203 33268 0
train/P01/P01_09 168997 169182 0
test/P01/P01_15 29140 29216 0
test/P01/P01_14 46136 46220 0
train/P01/P01_01 5715 5972 0
train/P01/P01_01 20838 21226 0
train/P01/P01_09 81887 82065 0
train/P01/P01_06 7398 7478 0
train/P01/P01_18 22826 22911 0
train/P01/P01_09 12623 12721 0
train/P01/P01_18 143880 143932 0
train/P01/P01_18 56783 56948 0
train/P01/P01_09 127393 127434 0
test/P01/P01_15 20465 20550 0
train/P01/P01_17 56235 56288 0
train/P01/P01_02 29240 29317 0
train/P01/P01_07 8357 8469 0
train/P01/P01_09 187814 187968 0
train/P01/P01_09 93021 93142 0
train/P01/P01_09 9555 9659 0
train/P01/P01_18 88808 89021 0
train/P01/P01_09 77903 77957 0
test/P01/P01_12 6846 6936 0
test/P01/P01_14 56797 56951 0
train/P01/P01_16 2207 2294 0
train/P01/P01_05 6764 6828 0
test/P01/P01_11 2061 2468 0
train/P01/P01_02 6549 6676 0
train/P01/P01_18 11555 11630 0
train/P01/P01_09 49977 50063 0
test/P01/P01_11 1004 1908 0
train/P01/P01_01 23456 23526 0
train/P01/P01_18 71948 72044 0
test/P01/P01_14 32524 32949 0
train/P01/P01_18 105455 105699 0
train/P01/P01_04 3809 4031 0
train/P01/P01_17 29051 29159 0
train/P01/P01_02 9224 9286 0
train/P01/P01_16 2549 2742 0
train/P01/P01_05 2086 2213 0
train/P01/P01_18 57149 57284 0
train/P01/P01_05 3870 4105 0
train/P01/P01_09 13602 13674 0
test/P01/P01_14 66388 66478 0
train/P01/P01_09 172617 172773 0
train/P01/P01_09 44714 44813 0
train/P01/P01_05 4776 4875 0
train/P01/P01_18 130906 130970 0
train/P01/P01_01 81218 81327 0
train/P01/P01_18 194236 194315 0
train/P01/P01_05 1529 1671 0
train/P01/P01_18 351 483 0
train/P01/P01_09 146113 146310 0
train/P01/P01_05 44386 44664 0
train/P01/P01_09 87774 87819 0
train/P01/P01_18 85712 85754 0
train/P01/P01_09 171989 172073 0
train/P01/P01_18 111596 111713 0
train/P01/P01_09 68411 68541 0
train/P01/P01_18 3103 3203 0
train/P01/P01_18 9155 9255 0
train/P01/P01_09 137041 137117 0
train/P01/P01_01 22890 23090 0
train/P01/P01_02 19503 19631 0
train/P01/P01_09 66243 66311 0
train/P01/P01_09 48023 48125 0
test/P01/P01_11 15263 15296 0
test/P01/P01_14 50193 50461 0
train/P01/P01_01 1467 1675 0
train/P01/P01_18 50293 50405 0
train/P01/P01_09 46620 46670 0
train/P01/P01_09 100061 100130 0
train/P01/P01_18 66314 66377 0
train/P01/P01_09 113444 113774 0
train/P01/P01_09 212684 213131 0
train/P01/P01_09 167842 167912 0
train/P01/P01_09 185494 185555 0
train/P01/P01_05 2216 2396 0
train/P01/P01_09 213908 213977 0
train/P01/P01_05 29124 29199 0
train/P01/P01_09 61337 61382 0
train/P01/P01_18 82876 82984 0
train/P01/P01_09 119436 119707 0
train/P01/P01_09 233 342 0
train/P01/P01_18 133962 134030 0
train/P01/P01_01 6245 6312 0
train/P01/P01_01 45296 45401 0
train/P01/P01_18 196081 196216 0
train/P01/P01_09 206574 206656 0
train/P01/P01_18 55488 55734 0
test/P01/P01_14 45497 45583 0
train/P01/P01_09 113343 113407 0
train/P01/P01_01 64624 64728 0
train/P01/P01_18 160816 160891 0
train/P01/P01_18 120383 120450 0
train/P01/P01_01 62101 62256 0
train/P01/P01_01 45022 45090 0
train/P01/P01_18 72473 72556 0
train/P01/P01_09 37232 37307 0
test/P01/P01_14 5336 5447 0
train/P01/P01_18 52209 52252 0
train/P01/P01_01 72848 72923 0
test/P01/P01_11 5097 5247 0
train/P01/P01_09 180460 180530 0
train/P01/P01_09 186811 186894 0
train/P01/P01_18 61193 61358 0
train/P01/P01_09 96470 96710 0
test/P01/P01_14 2273 2367 0
train/P01/P01_05 5592 5666 0
train/P01/P01_18 92027 92162 0
train/P01/P01_01 17741 17981 0
train/P01/P01_18 141023 141095 0
train/P01/P01_09 49360 49405 0
train/P01/P01_18 143506 143610 0
train/P01/P01_18 214816 214960 0
train/P01/P01_18 90809 91001 0
train/P01/P01_09 158511 158616 0
train/P01/P01_09 39018 39074 0
train/P01/P01_18 93063 93169 0
train/P01/P01_18 196056 196146 0
train/P01/P01_02 303 409 0
train/P01/P01_18 62174 62219 0
train/P01/P01_01 59375 59615 0
train/P01/P01_09 78815 79088 0
train/P01/P01_09 186256 186362 0
train/P01/P01_01 75062 75178 0
train/P01/P01_01 39812 39917 0
train/P01/P01_09 160769 160908 0
train/P01/P01_18 74720 74882 0
train/P01/P01_18 111894 111967 0
train/P01/P01_09 169652 169727 0
train/P01/P01_09 10396 10471 0
train/P01/P01_09 740 831 0
train/P01/P01_09 165990 166079 0
train/P01/P01_09 143093 143176 0
train/P01/P01_09 107955 108056 0
train/P01/P01_09 147240 147373 0
train/P01/P01_09 176767 176919 0
train/P01/P01_09 119222 119342 0
train/P01/P01_09 76605 76788 0
test/P01/P01_14 57038 57140 0
train/P01/P01_18 114666 114750 0
test/P01/P01_14 12896 12989 0
train/P01/P01_09 202664 202906 0
train/P01/P01_01 25616 25760 0
train/P01/P01_09 66585 66678 0
train/P01/P01_09 144001 144162 0
train/P01/P01_09 166920 167012 0
train/P01/P01_09 112950 113322 0
train/P01/P01_09 147446 147657 0
train/P01/P01_18 3439 3507 0
train/P01/P01_09 98920 99100 0
test/P01/P01_14 35786 35861 0
train/P01/P01_05 11859 11951 0
train/P01/P01_09 2324 2480 0
train/P01/P01_09 162039 162170 0
train/P01/P01_09 65608 65661 0
train/P01/P01_18 24101 24176 0
train/P01/P01_01 93408 93519 0
train/P01/P01_09 119804 119929 0
train/P01/P01_09 207405 208069 0
train/P01/P01_09 60325 60455 0
train/P01/P01_18 133534 133619 0
train/P01/P01_18 77658 77882 0
test/P01/P01_14 30133 30205 0
train/P01/P01_18 104682 104717 0
train/P01/P01_18 27876 27947 0
train/P01/P01_18 93558 93668 0
train/P01/P01_18 50461 50543 0
train/P01/P01_01 914 982 0
train/P01/P01_09 163511 163709 0
test/P01/P01_15 42061 42149 0
train/P01/P01_09 167404 167482 0
train/P01/P01_09 110365 110435 0
train/P01/P01_18 110417 110699 0
train/P01/P01_18 161610 161717 0
train/P01/P01_18 114347 114445 0
train/P01/P01_18 67280 67347 0
train/P01/P01_18 73344 73458 0
test/P01/P01_14 77589 77891 0
train/P01/P01_09 161639 161715 0
train/P01/P01_18 154381 154443 0
train/P01/P01_09 1046 1134 0
train/P01/P01_05 389 483 0
train/P01/P01_18 59153 59253 0
train/P01/P01_09 4153 4302 0
train/P01/P01_05 71462 71554 0
train/P01/P01_05 65562 65664 0
train/P01/P01_18 89115 89190 0
test/P01/P01_14 3101 3357 0
train/P01/P01_09 136884 136992 0
train/P01/P01_17 24859 24924 0
train/P01/P01_18 61161 61367 0
train/P01/P01_18 181796 181887 0
train/P01/P01_09 105251 105326 0
train/P01/P01_09 161457 161531 0
train/P01/P01_09 157435 157497 0
train/P01/P01_09 13067 13133 0
train/P01/P01_09 109250 109325 0
train/P01/P01_09 37721 38396 0
train/P01/P01_18 6302 6424 0
train/P01/P01_18 75377 75572 0
train/P01/P01_09 170192 170387 0
train/P01/P01_18 66744 66831 0
train/P01/P01_18 109497 109642 0
train/P01/P01_18 83463 83528 0
train/P01/P01_18 3556 3648 0
train/P01/P01_18 96213 96288 0
train/P01/P01_09 50225 50510 0
train/P01/P01_18 115004 115122 0
train/P01/P01_09 156121 156205 0
test/P01/P01_11 11585 11652 0
train/P01/P01_18 85494 85569 0
train/P01/P01_09 65823 65986 0
train/P01/P01_09 96866 97751 0
train/P01/P01_05 8894 9018 0
train/P01/P01_09 594 680 0
train/P01/P01_09 105552 105636 0
train/P01/P01_09 139164 139230 0
train/P01/P01_18 150600 150709 0
train/P01/P01_09 11473 11567 0
train/P01/P01_18 132912 132979 0
train/P01/P01_09 155834 155917 0
train/P01/P01_09 2918 3083 0
test/P01/P01_14 6160 6279 0
train/P01/P01_09 161891 161984 0
train/P01/P01_09 124284 124914 0
train/P01/P01_18 140264 140340 0
train/P01/P01_18 113684 113776 0
train/P01/P01_09 70965 71045 0
train/P01/P01_09 100470 100556 0
train/P01/P01_06 14543 14615 1
test/P01/P01_14 29902 29978 1
train/P01/P01_18 182316 182400 1
test/P01/P01_12 823 1002 1
test/P01/P01_14 76484 76658 1
train/P01/P01_18 155287 155324 1
train/P01/P01_05 65278 65340 1
train/P01/P01_09 11659 11703 1
train/P01/P01_05 47285 47352 1
test/P01/P01_11 8605 8669 1
test/P01/P01_12 5182 5460 1
train/P01/P01_17 308 537 1
test/P01/P01_14 2373 2456 1
test/P01/P01_14 12099 12215 1
train/P01/P01_09 76550 76609 1
train/P01/P01_09 86580 86654 1
train/P01/P01_18 84741 84941 1
train/P01/P01_05 41223 41307 1
train/P01/P01_09 20063 20151 1
train/P01/P01_17 8151 8235 1
train/P01/P01_18 75165 75212 1
train/P01/P01_09 98639 98714 1
test/P01/P01_14 63276 63447 1
train/P01/P01_19 642 723 1
train/P01/P01_09 156002 156083 1
train/P01/P01_18 71619 71800 1
train/P01/P01_01 77756 77817 1
test/P01/P01_12 5949 6462 1
train/P01/P01_09 147289 147417 1
train/P01/P01_18 22707 22782 1
train/P01/P01_18 210929 211004 1
train/P01/P01_17 50115 50162 1
train/P01/P01_01 22668 22757 1
test/P01/P01_11 13788 13869 1
test/P01/P01_14 74584 74766 1
train/P01/P01_05 3612 3684 1
train/P01/P01_18 27067 27159 1
train/P01/P01_16 8948 9038 1
train/P01/P01_02 19454 19619 1
test/P01/P01_15 9794 9839 1
test/P01/P01_14 42570 42734 1
train/P01/P01_06 6969 7034 1
train/P01/P01_06 19189 19301 1
train/P01/P01_18 147378 147471 1
train/P01/P01_05 71894 72696 1
train/P01/P01_18 49581 49670 1
train/P01/P01_18 39545 39627 1
test/P01/P01_14 41144 41208 1
test/P01/P01_14 9078 9180 1
test/P01/P01_13 3771 3835 1
train/P01/P01_01 70713 70830 1
test/P01/P01_14 57409 57465 1
train/P01/P01_18 220647 220784 1
train/P01/P01_18 221371 221506 1
train/P01/P01_17 22875 23064 1
train/P01/P01_16 4992 5210 1
train/P01/P01_18 162320 162389 1
train/P01/P01_17 37599 37680 1
train/P01/P01_01 86576 86642 1
test/P01/P01_14 73079 73154 1
train/P01/P01_09 162514 162556 1
test/P01/P01_11 2473 2552 1
train/P01/P01_09 68780 68852 1
train/P01/P01_09 190710 190922 1
train/P01/P01_18 21056 21183 1
train/P01/P01_18 75831 76136 1
test/P01/P01_12 3008 3504 1
train/P01/P01_18 75191 75363 1
train/P01/P01_01 97088 97229 1
train/P01/P01_05 32840 32958 1
train/P01/P01_09 161831 161891 1
train/P01/P01_18 89345 89441 1
train/P01/P01_18 55131 55173 1
test/P01/P01_11 10708 10793 1
train/P01/P01_09 131740 131836 1
train/P01/P01_09 36920 37100 1
train/P01/P01_17 1244 1349 1
train/P01/P01_18 57917 57992 1
train/P01/P01_18 114748 114801 1
train/P01/P01_09 135675 136377 1
train/P01/P01_18 594 675 1
train/P01/P01_18 134175 134292 1
train/P01/P01_05 23417 23652 1
train/P01/P01_18 3303 3384 1
train/P01/P01_01 74167 74334 1
train/P01/P01_09 177326 177398 1
train/P01/P01_09 201900 202119 1
train/P01/P01_09 170639 170702 1
train/P01/P01_18 4111 4225 1
test/P01/P01_11 4164 4258 1
train/P01/P01_05 64884 64947 1
train/P01/P01_06 20025 20106 1
train/P01/P01_09 47135 47210 1
train/P01/P01_01 97258 97386 1
train/P01/P01_09 122413 122588 1
train/P01/P01_18 196538 196595 1
train/P01/P01_05 42487 42785 1
train/P01/P01_18 135123 135262 1
train/P01/P01_09 44465 44495 1
train/P01/P01_01 94665 94748 1
train/P01/P01_18 40835 40947 1
test/P01/P01_14 2462 2815 1
train/P01/P01_18 57290 57455 1
train/P01/P01_09 401 461 1
train/P01/P01_06 131 195 1
train/P01/P01_09 46992 47078 1
train/P01/P01_09 9236 9334 1
train/P01/P01_17 43798 43932 1
train/P01/P01_01 28449 28632 1
train/P01/P01_18 41168 41256 1
train/P01/P01_01 46049 46163 1
train/P01/P01_01 17108 17206 1
train/P01/P01_09 167983 168064 1
train/P01/P01_09 4732 4788 1
train/P01/P01_09 191804 191851 1
train/P01/P01_18 105179 105266 1
train/P01/P01_09 205470 205609 1
train/P01/P01_16 3823 3947 1
test/P01/P01_14 9356 9471 1
train/P01/P01_01 53370 53454 1
train/P01/P01_16 5708 5984 1
train/P01/P01_18 3765 3870 1
train/P01/P01_18 2731 2817 1
train/P01/P01_09 10473 10572 1
train/P01/P01_09 186160 186250 1
train/P01/P01_18 83960 84051 1
train/P01/P01_09 81101 81169 1
train/P01/P01_09 143770 143995 1
train/P01/P01_09 165629 165993 1
train/P01/P01_16 4408 4483 1
train/P01/P01_18 83287 83445 1
train/P01/P01_18 50549 50609 1
train/P01/P01_03 1485 1554 1
train/P01/P01_18 66180 66336 1
train/P01/P01_17 38021 38126 1
test/P01/P01_12 9217 9292 1
train/P01/P01_09 196100 196208 1
train/P01/P01_09 176562 176694 1
train/P01/P01_01 43346 43412 1
train/P01/P01_09 213983 214130 1
train/P01/P01_09 2243 2318 1
train/P01/P01_17 19450 19565 1
train/P01/P01_02 9889 10003 1
train/P01/P01_01 81959 82175 1
train/P01/P01_09 109829 109939 1
train/P01/P01_09 1318 1363 1
train/P01/P01_17 37686 38009 1
train/P01/P01_18 8019 8192 1
test/P01/P01_14 43280 43407 1
train/P01/P01_01 85567 85667 1
train/P01/P01_06 3013 3120 1
train/P01/P01_09 120092 120156 1
test/P01/P01_14 7490 7562 1
train/P01/P01_01 72910 73549 1
train/P01/P01_18 204944 205043 1
test/P01/P01_11 29130 29442 1
train/P01/P01_09 114176 114249 1
train/P01/P01_09 196778 196949 1
train/P01/P01_09 3750 3911 1
train/P01/P01_06 20317 20398 1
train/P01/P01_09 151730 151853 1
train/P01/P01_16 7644 7728 1
train/P01/P01_09 1790 1955 1
train/P01/P01_05 30456 30534 1
train/P01/P01_18 105542 105698 1
train/P01/P01_09 49832 49966 1
train/P01/P01_09 45640 45704 1
train/P01/P01_05 17690 17765 1
train/P01/P01_17 39458 39531 1
test/P01/P01_14 13582 13672 1
train/P01/P01_09 2747 2856 1
train/P01/P01_18 114242 114341 1
train/P01/P01_18 70317 70403 1
train/P01/P01_18 147951 148034 1
train/P01/P01_18 64858 64910 1
train/P01/P01_09 159643 159717 1
train/P01/P01_18 143719 143831 1
train/P01/P01_09 189172 189252 1
train/P01/P01_09 92577 92687 1
train/P01/P01_09 2585 2687 1
train/P01/P01_09 10706 10919 1
train/P01/P01_16 3876 3996 1
train/P01/P01_09 200968 201058 1
train/P01/P01_09 168685 168953 1
train/P01/P01_18 131273 131371 1
train/P01/P01_18 56354 56495 1
train/P01/P01_09 119612 119757 1
train/P01/P01_09 193335 193430 1
train/P01/P01_01 2199 2265 1
train/P01/P01_05 7214 7289 1
train/P01/P01_09 146565 146834 1
train/P01/P01_18 221051 221118 1
train/P01/P01_09 177404 177533 1
train/P01/P01_17 54803 54874 1
train/P01/P01_05 70572 70662 1
train/P01/P01_05 20847 20978 1
train/P01/P01_09 6795 6876 1
train/P01/P01_06 15154 15245 1
train/P01/P01_18 140599 140706 1
train/P01/P01_01 25480 25584 1
train/P01/P01_18 113330 113496 1
train/P01/P01_09 79913 79995 1
train/P01/P01_18 150747 150852 1
train/P01/P01_09 122084 122173 1
train/P01/P01_09 201830 201906 1
train/P01/P01_18 185035 185135 1
train/P01/P01_09 109955 110345 1
test/P01/P01_14 77440 77560 1
test/P01/P01_11 24822 25002 1
train/P01/P01_09 189636 189734 1
train/P01/P01_17 10558 10686 1
train/P01/P01_01 67914 68024 1
train/P01/P01_05 32309 32459 1
train/P01/P01_09 184733 184821 1
train/P01/P01_18 42326 42380 1
train/P01/P01_01 3446 3521 1
train/P01/P01_18 219491 219576 1
train/P01/P01_05 72798 72886 1
train/P01/P01_18 110190 110406 1
train/P01/P01_18 163114 163207 1
test/P01/P01_15 50821 50930 1
train/P01/P01_09 127236 127428 1
train/P01/P01_09 115342 115417 1
train/P01/P01_09 135247 135759 1
train/P01/P01_18 92446 93038 1
train/P01/P01_09 104177 104284 1
train/P01/P01_18 135268 135400 1
test/P01/P01_14 7849 7962 1
train/P01/P01_18 143610 143713 1
train/P01/P01_18 114461 114549 1
train/P01/P01_09 121880 122000 1
train/P01/P01_05 7375 7580 1
train/P01/P01_18 55805 55918 1
train/P01/P01_09 65989 66138 1
train/P01/P01_09 212586 212678 1
train/P01/P01_09 123491 123580 1
train/P01/P01_09 194677 194823 1
test/P01/P01_14 63548 63616 1
train/P01/P01_18 157834 158104 1
train/P01/P01_09 203847 204000 1
train/P01/P01_09 138218 138282 1
train/P01/P01_09 163721 163837 1
train/P01/P01_09 104298 104374 1
train/P01/P01_18 89197 89317 1
train/P01/P01_18 57474 57581 1
test/P01/P01_14 43107 43190 1
train/P01/P01_09 213187 213442 1
train/P01/P01_18 23760 23852 1
train/P01/P01_09 213484 213669 1
train/P01/P01_09 107488 107577 1
train/P01/P01_05 4992 5078 1
train/P01/P01_18 58787 58862 1
train/P01/P01_09 54914 55005 1
test/P01/P01_11 7720 7825 1
train/P01/P01_09 141186 141505 1
train/P01/P01_09 119258 119398 1
train/P01/P01_09 148071 148146 1
train/P01/P01_18 84420 84503 1
train/P01/P01_09 158771 159632 1
train/P01/P01_09 144362 145610 1
train/P01/P01_09 12519 12606 1
train/P01/P01_18 77346 77423 1
train/P01/P01_09 206654 206788 1
train/P01/P01_18 219083 219202 1
train/P01/P01_09 99181 99905 1
train/P01/P01_18 76364 76466 1
train/P01/P01_18 60762 60833 1
train/P01/P01_09 166085 166202 1
train/P01/P01_18 149461 149594 1
train/P01/P01_09 12963 13061 1
train/P01/P01_09 104950 105101 1
train/P01/P01_09 111147 111643 1
train/P01/P01_09 190700 190833 1
train/P01/P01_19 12882 13076 4
train/P01/P01_19 5960 7328 4
train/P01/P01_09 190997 191570 4
train/P01/P01_02 2128 2473 4
train/P01/P01_19 23900 24060 4
train/P01/P01_17 54322 54812 4
test/P01/P01_11 10143 10720 4
train/P01/P01_19 12599 12751 4
test/P01/P01_15 8848 9255 4
test/P01/P01_11 14819 14895 4
train/P01/P01_19 24478 24614 4
train/P01/P01_17 11824 12342 4
train/P01/P01_02 17478 17723 4
train/P01/P01_17 62082 62199 4
train/P01/P01_17 23186 23798 4
train/P01/P01_19 3303 4097 4
train/P01/P01_02 7887 8178 4
train/P01/P01_09 195144 196100 4
train/P01/P01_19 24323 24654 4
train/P01/P01_09 39120 39352 4
train/P01/P01_02 25827 26444 4
train/P01/P01_02 10592 10782 4
test/P01/P01_15 42146 42560 4
test/P01/P01_15 47320 47596 4
train/P01/P01_06 24883 26482 4
test/P01/P01_11 14018 14531 4
train/P01/P01_18 146228 146319 4
train/P01/P01_19 8716 9132 4
test/P01/P01_15 11231 11515 4
train/P01/P01_06 17993 18516 4
train/P01/P01_18 43563 44024 4
test/P01/P01_15 19248 19454 4
test/P01/P01_11 8338 8613 4
train/P01/P01_02 23224 23600 4
test/P01/P01_15 49842 50423 4
train/P01/P01_02 5741 6071 4
train/P01/P01_06 7646 8282 4
test/P01/P01_15 34365 35401 4
train/P01/P01_09 185879 186161 4
test/P01/P01_11 14711 14814 4
train/P01/P01_18 145528 146099 4
train/P01/P01_01 97623 97781 4
train/P01/P01_19 20028 20316 4
test/P01/P01_11 15456 15544 4
train/P01/P01_09 43062 43268 4
train/P01/P01_06 11839 12402 4
train/P01/P01_02 16733 17151 4
train/P01/P01_09 46684 46943 4
test/P01/P01_11 19635 19917 4
test/P01/P01_15 20229 20437 4
train/P01/P01_06 19307 19614 4
train/P01/P01_02 24808 25073 4
train/P01/P01_18 145151 145431 4
test/P01/P01_15 40633 41304 4
train/P01/P01_09 44969 45314 4
train/P01/P01_09 45888 46540 4
train/P01/P01_19 15620 15695 4
test/P01/P01_15 25505 25640 4
test/P01/P01_15 17929 18461 4
train/P01/P01_17 50682 51040 4
test/P01/P01_15 33197 33312 4
train/P01/P01_18 42938 43241 4
test/P01/P01_15 33839 34124 4
train/P01/P01_06 19683 20021 4
train/P01/P01_09 70387 70522 4
train/P01/P01_02 6077 6503 4
train/P01/P01_06 22865 23309 4
test/P01/P01_11 17259 18140 4
test/P01/P01_15 16961 17718 4
test/P01/P01_15 14445 14700 4
train/P01/P01_17 59047 60338 4
train/P01/P01_02 3626 3804 4
train/P01/P01_02 8862 9132 4
train/P01/P01_09 182477 182675 4
test/P01/P01_15 49146 49611 4
train/P01/P01_09 191919 192003 4
train/P01/P01_09 189257 189630 4
test/P01/P01_15 7879 8111 4
train/P01/P01_06 4248 4386 4
train/P01/P01_02 8451 8796 4
train/P01/P01_02 4158 4638 4
train/P01/P01_09 47649 47754 4
train/P01/P01_02 18602 19148 4
test/P01/P01_15 22765 22870 4
train/P01/P01_09 193844 194379 4
train/P01/P01_02 16751 17320 4
train/P01/P01_17 63657 64341 4
train/P01/P01_02 4973 5299 4
test/P01/P01_15 40272 40598 4
test/P01/P01_15 33381 33456 4
train/P01/P01_02 9339 9815 4
train/P01/P01_19 4194 4922 4
train/P01/P01_06 12863 13619 4
train/P01/P01_09 187290 187716 4
test/P01/P01_11 21719 22115 4
train/P01/P01_06 8916 9241 4
test/P01/P01_15 50220 50858 4
train/P01/P01_19 12267 12506 4
train/P01/P01_09 192537 193416 4
test/P01/P01_15 30447 30776 4
train/P01/P01_18 63754 64200 4
test/P01/P01_11 20473 20892 4
test/P01/P01_15 11521 12219 4
train/P01/P01_09 43263 44460 4
train/P01/P01_19 18590 19015 4
train/P01/P01_19 16659 16766 4
train/P01/P01_17 65246 66435 4
train/P01/P01_19 7665 8710 4
test/P01/P01_15 48441 48695 4
train/P01/P01_06 13616 14430 4
train/P01/P01_09 81203 81501 4
test/P01/P01_15 41477 42027 4
train/P01/P01_18 144750 145046 4
train/P01/P01_09 67296 67447 4
train/P01/P01_02 25662 25841 4
test/P01/P01_15 22948 23130 4
train/P01/P01_09 194385 194707 4
test/P01/P01_15 29776 29948 4
train/P01/P01_19 18198 18287 4
train/P01/P01_06 22194 22859 4
test/P01/P01_15 13936 14236 4
train/P01/P01_02 10520 10586 4
train/P01/P01_09 196247 196790 4
test/P01/P01_15 13683 13809 4
train/P01/P01_19 18890 19460 4
test/P01/P01_15 12688 12967 4
test/P01/P01_15 9354 9823 4
test/P01/P01_15 21094 21274 4
train/P01/P01_06 21831 21928 4
train/P01/P01_02 7506 7881 4
train/P01/P01_02 14341 14771 4
train/P01/P01_17 15663 16548 5
train/P01/P01_09 89805 90248 5
train/P01/P01_09 100562 100710 5
test/P01/P01_14 49896 50046 5
train/P01/P01_01 9030 9938 5
train/P01/P01_09 84338 85140 5
test/P01/P01_11 5864 6147 5
train/P01/P01_05 29530 29860 5
train/P01/P01_18 21596 21735 5
train/P01/P01_09 210291 211611 5
train/P01/P01_18 52273 53021 5
train/P01/P01_17 16546 17928 5
train/P01/P01_09 125517 126078 5
train/P01/P01_18 46791 47352 5
train/P01/P01_17 21574 22101 5
train/P01/P01_01 6340 7320 5
train/P01/P01_18 30671 31304 5
train/P01/P01_09 85082 85857 5
train/P01/P01_18 24861 26652 5
train/P01/P01_18 47450 48749 5
train/P01/P01_09 57387 59619 5
train/P01/P01_09 71066 71634 5
train/P01/P01_18 48099 48779 5
train/P01/P01_09 71672 72236 5
train/P01/P01_18 34924 35351 5
train/P01/P01_18 53759 55102 5
train/P01/P01_01 52251 52505 5
train/P01/P01_01 10821 11633 5
train/P01/P01_09 73638 74474 5
train/P01/P01_18 29839 30486 5
train/P01/P01_18 4561 5783 5
train/P01/P01_09 180850 181000 7
train/P01/P01_05 24513 24618 7
test/P01/P01_13 4464 4902 7
test/P01/P01_14 73530 73925 7
train/P01/P01_18 131828 132032 7
train/P01/P01_09 8768 9230 7
test/P01/P01_14 13082 13458 7
train/P01/P01_01 84579 84785 7
train/P01/P01_01 42471 42783 7
train/P01/P01_18 123139 123593 7
train/P01/P01_18 131112 131269 7
train/P01/P01_18 86378 86630 7
train/P01/P01_18 113806 114098 7
train/P01/P01_01 45467 45694 7
train/P01/P01_09 175831 176394 7
train/P01/P01_01 56306 56576 7
train/P01/P01_18 91040 91655 7
train/P01/P01_18 122184 122320 7
train/P01/P01_09 170732 171258 7
train/P01/P01_09 6465 6756 7
train/P01/P01_01 93648 94425 7
train/P01/P01_01 55905 56255 7
train/P01/P01_01 58403 59087 7
train/P01/P01_18 86967 87208 7
train/P01/P01_09 153909 154132 7
train/P01/P01_18 67719 68319 7
train/P01/P01_09 9720 10159 7
train/P01/P01_18 216784 216941 7
train/P01/P01_18 64403 64496 7
train/P01/P01_18 77888 78344 7
train/P01/P01_01 96365 97086 7
train/P01/P01_09 174548 174876 7
train/P01/P01_18 23139 23564 7
train/P01/P01_18 217986 218150 7
train/P01/P01_01 94805 95552 7
train/P01/P01_09 94741 94891 7
train/P01/P01_18 92334 92789 7
train/P01/P01_18 154549 154789 7
test/P01/P01_14 58553 58931 7
train/P01/P01_01 86216 86616 7
train/P01/P01_18 120100 120317 7
train/P01/P01_18 218388 218966 7
train/P01/P01_18 134732 135117 7
train/P01/P01_18 196094 196559 7
train/P01/P01_18 112499 112731 7
train/P01/P01_18 183057 183151 7
train/P01/P01_18 161703 161954 7
test/P01/P01_14 40922 41027 6
test/P01/P01_14 23693 24341 6
test/P01/P01_14 28738 29097 6
train/P01/P01_01 46539 46896 6
train/P01/P01_18 178886 179547 6
train/P01/P01_01 17270 17654 6
train/P01/P01_18 155466 157262 6
train/P01/P01_18 127197 127829 6
train/P01/P01_18 196818 197045 6
train/P01/P01_18 162395 163108 6
train/P01/P01_18 96294 97198 6
train/P01/P01_18 141893 142581 6
train/P01/P01_01 90482 91083 6
train/P01/P01_18 132932 133459 6
train/P01/P01_01 87319 87755 6
train/P01/P01_01 76902 77561 6
train/P01/P01_18 117668 118269 6
train/P01/P01_01 22101 22680 6
train/P01/P01_18 106064 106478 6
train/P01/P01_01 85842 86179 6
train/P01/P01_01 78375 78729 6
train/P01/P01_18 192671 193746 6
train/P01/P01_18 196729 196817 6
train/P01/P01_18 120468 121001 6
train/P01/P01_18 202555 204149 6
train/P01/P01_01 61523 61962 6
train/P01/P01_18 196601 196723 6
train/P01/P01_18 178457 178929 6
train/P01/P01_18 179346 181800 6
train/P01/P01_18 125408 126064 6
train/P01/P01_01 27032 27497 6
train/P01/P01_18 117207 117451 6
train/P01/P01_18 131377 131625 6
train/P01/P01_01 43821 45003 6
train/P01/P01_01 31314 31712 6
train/P01/P01_01 77372 77775 6
train/P01/P01_18 209121 210149 6
train/P01/P01_18 124742 125402 6
train/P01/P01_01 55298 55720 6
train/P01/P01_01 53451 54255 6
train/P01/P01_18 205074 205941 6
train/P01/P01_18 170655 171156 6
