train/P08/P08_06 3909 3961 2
train/P08/P08_01 8035 8195 2
test/P08/P08_15 6443 6542 2
test/P08/P08_15 1724 1799 2
train/P08/P08_23 57126 57197 2
train/P08/P08_05 60896 61068 2
train/P08/P08_23 21464 21554 2
train/P08/P08_06 7903 8008 2
train/P08/P08_08 7625 7700 2
train/P08/P08_08 6210 6282 2
test/P08/P08_16 30290 30362 2
train/P08/P08_05 9532 9623 2
test/P08/P08_17 31598 31675 2
train/P08/P08_18 4635 4727 2
train/P08/P08_08 244 329 2
train/P08/P08_08 5504 5622 2
test/P08/P08_15 20508 20616 2
train/P08/P08_21 69639 69727 2
train/P08/P08_21 59879 59927 2
train/P08/P08_03 281 372 2
train/P08/P08_21 24020 24065 2
test/P08/P08_16 17919 18012 2
train/P08/P08_24 19257 19334 2
test/P08/P08_17 8280 8451 2
train/P08/P08_18 4442 4530 2
train/P08/P08_05 31527 31595 2
train/P08/P08_23 77664 77736 2
train/P08/P08_05 28567 28601 2
test/P08/P08_17 3899 3972 2
test/P08/P08_09 10751 10791 2
train/P08/P08_27 8367 8468 2
test/P08/P08_17 27157 27232 2
train/P08/P08_26 7137 7205 2
train/P08/P08_26 4221 4884 2
train/P08/P08_02 294 395 2
train/P08/P08_21 69226 69285 2
test/P08/P08_14 1745 1872 2
test/P08/P08_15 3952 4018 2
train/P08/P08_01 9264 9361 2
test/P08/P08_17 20435 20490 2
train/P08/P08_01 15203 15517 2
train/P08/P08_23 90886 90993 2
train/P08/P08_05 98608 98874 2
train/P08/P08_27 2360 2540 2
test/P08/P08_15 10834 10903 2
test/P08/P08_09 4859 4892 2
test/P08/P08_17 8011 8146 2
train/P08/P08_05 2298 2419 2
train/P08/P08_01 7659 7703 2
train/P08/P08_01 11848 11904 2
train/P08/P08_21 44306 44408 2
train/P08/P08_21 14104 14227 2
test/P08/P08_09 25497 25577 2
train/P08/P08_23 79702 79763 2
test/P08/P08_15 6678 6827 2
train/P08/P08_01 244 349 2
train/P08/P08_21 80254 80364 2
train/P08/P08_01 8966 9047 2
test/P08/P08_09 19033 19536 2
train/P08/P08_01 7214 7261 2
train/P08/P08_23 64960 65012 2
train/P08/P08_01 14861 14921 2
train/P08/P08_05 77421 77479 2
train/P08/P08_23 73603 73677 2
test/P08/P08_10 1913 1983 2
test/P08/P08_15 23480 23535 2
test/P08/P08_16 766 819 2
train/P08/P08_18 11476 11521 2
train/P08/P08_01 4479 4538 2
test/P08/P08_16 215 297 2
test/P08/P08_16 802 869 2
train/P08/P08_28 206 309 2
train/P08/P08_21 42235 42331 2
train/P08/P08_07 426 576 2
train/P08/P08_23 83516 83672 2
train/P08/P08_18 3645 3713 2
train/P08/P08_03 4310 4349 2
train/P08/P08_05 83347 83407 2
train/P08/P08_05 6251 6363 2
train/P08/P08_21 25958 26290 2
train/P08/P08_21 65817 65901 2
train/P08/P08_24 20824 20897 2
train/P08/P08_23 4385 4438 2
test/P08/P08_15 19610 19787 2
train/P08/P08_18 27717 27776 2
train/P08/P08_01 3955 4007 2
train/P08/P08_21 43730 43852 2
train/P08/P08_05 68235 68294 2
train/P08/P08_11 8057 8111 2
train/P08/P08_28 1323 1420 2
train/P08/P08_04 8688 8781 2
train/P08/P08_23 73008 73075 2
train/P08/P08_05 54320 54385 2
train/P08/P08_05 929 999 2
train/P08/P08_04 116 423 2
train/P08/P08_24 28520 28573 2
train/P08/P08_24 31082 31127 2
train/P08/P08_27 9533 9633 2
train/P08/P08_21 15426 15500 2
train/P08/P08_01 34923 34993 2
train/P08/P08_08 125 257 2
train/P08/P08_18 12021 12416 2
train/P08/P08_23 69792 69857 2
train/P08/P08_23 72956 73017 2
train/P08/P08_05 31396 31455 2
train/P08/P08_23 23021 23088 2
test/P08/P08_17 33849 33890 2
test/P08/P08_16 221 301 2
train/P08/P08_23 236 300 2
train/P08/P08_23 20124 20178 2
train/P08/P08_13 211 318 2
train/P08/P08_21 71486 71562 2
test/P08/P08_17 20927 21167 2
train/P08/P08_11 7730 7875 2
test/P08/P08_14 1359 1522 2
train/P08/P08_21 77429 77476 2
train/P08/P08_24 10055 10142 2
train/P08/P08_25 372 458 2
train/P08/P08_18 10169 10229 2
train/P08/P08_05 102577 102631 2
train/P08/P08_20 2928 2998 2
test/P08/P08_09 11981 12045 2
train/P08/P08_23 86018 86117 2
train/P08/P08_04 10350 10437 2
train/P08/P08_23 58597 58693 2
train/P08/P08_07 206 323 2
test/P08/P08_09 7737 7803 2
test/P08/P08_09 36229 36291 2
train/P08/P08_08 869 914 2
train/P08/P08_05 170 230 2
train/P08/P08_04 550 810 2
train/P08/P08_21 62670 62732 2
train/P08/P08_24 121 209 2
train/P08/P08_05 24162 24210 2
train/P08/P08_01 4236 4310 2
train/P08/P08_08 4754 4848 2
train/P08/P08_06 8617 8746 2
test/P08/P08_16 28658 28719 2
train/P08/P08_21 25691 25740 2
train/P08/P08_26 23982 24057 2
train/P08/P08_23 23825 23928 2
train/P08/P08_27 5085 5236 2
train/P08/P08_01 32352 32409 2
train/P08/P08_21 16941 16995 2
train/P08/P08_21 61770 61947 2
train/P08/P08_02 2125 2188 2
train/P08/P08_20 2561 2628 2
train/P08/P08_24 308 367 2
train/P08/P08_04 9469 9552 2
test/P08/P08_17 3474 3532 2
train/P08/P08_05 48498 48606 2
test/P08/P08_09 6490 6565 2
train/P08/P08_24 1003 1066 2
train/P08/P08_04 3661 3800 2
train/P08/P08_02 1160 1250 2
train/P08/P08_06 5874 5952 2
train/P08/P08_05 25034 25340 2
train/P08/P08_21 67641 67752 2
train/P08/P08_11 2555 2625 2
test/P08/P08_09 21186 21294 2
train/P08/P08_23 57067 57123 2
train/P08/P08_08 5326 5386 2
train/P08/P08_04 3836 3920 2
train/P08/P08_26 383 468 2
train/P08/P08_05 65404 65459 2
test/P08/P08_09 25059 25198 2
train/P08/P08_04 6999 7089 2
train/P08/P08_21 76959 77015 2
test/P08/P08_09 6838 6898 2
train/P08/P08_05 102242 102293 2
train/P08/P08_21 4718 4823 2
train/P08/P08_06 6476 6597 2
train/P08/P08_25 302 366 2
train/P08/P08_12 116 251 2
test/P08/P08_17 32946 33041 2
train/P08/P08_24 861 971 2
train/P08/P08_03 7348 7419 2
test/P08/P08_09 34685 34785 2
train/P08/P08_21 59298 59345 2
train/P08/P08_21 29423 29468 2
train/P08/P08_27 8880 8965 2
train/P08/P08_18 3555 3603 2
train/P08/P08_23 58259 58305 2
train/P08/P08_05 83423 83504 2
train/P08/P08_23 79991 80087 2
train/P08/P08_05 8024 8090 2
train/P08/P08_05 58074 58248 2
train/P08/P08_19 3722 3769 2
train/P08/P08_23 1032 1141 2
train/P08/P08_23 73371 73533 2
train/P08/P08_21 80752 81173 2
train/P08/P08_02 3598 3663 2
train/P08/P08_06 8012 8093 2
train/P08/P08_21 70764 70801 2
test/P08/P08_17 246 315 2
train/P08/P08_26 23145 23253 2
train/P08/P08_21 10850 10910 2
train/P08/P08_05 6609 6787 2
train/P08/P08_26 11720 11826 0
train/P08/P08_06 451 602 0
train/P08/P08_28 125 185 0
train/P08/P08_13 490 1096 0
train/P08/P08_03 946 985 0
train/P08/P08_04 3233 3342 0
train/P08/P08_06 10137 10238 0
train/P08/P08_11 5447 5505 0
train/P08/P08_24 6278 7075 0
train/P08/P08_22 1341 1397 0
test/P08/P08_17 3623 3692 0
train/P08/P08_08 1380 1538 0
train/P08/P08_01 31801 31871 0
test/P08/P08_14 3149 3222 0
train/P08/P08_23 22157 22551 0
train/P08/P08_23 13035 13130 0
test/P08/P08_09 12029 12614 0
train/P08/P08_05 22703 24056 0
train/P08/P08_23 57233 57316 0
test/P08/P08_09 9059 9644 0
train/P08/P08_03 1266 1371 0
train/P08/P08_24 7120 7176 0
train/P08/P08_23 63659 64159 0
train/P08/P08_04 11177 11239 0
train/P08/P08_26 3089 3164 0
test/P08/P08_14 1559 1629 0
test/P08/P08_09 17558 17607 0
train/P08/P08_01 637 809 0
test/P08/P08_09 17004 17158 0
train/P08/P08_27 2538 2964 0
train/P08/P08_07 1101 1154 0
test/P08/P08_10 4794 4840 0
train/P08/P08_19 3771 3855 0
train/P08/P08_21 65917 65963 0
train/P08/P08_23 86093 86199 0
train/P08/P08_21 19787 19847 0
train/P08/P08_23 41677 41793 0
train/P08/P08_06 10800 10868 0
test/P08/P08_16 317 450 0
test/P08/P08_16 30687 30738 0
test/P08/P08_09 6571 6672 0
train/P08/P08_26 1112 1157 0
train/P08/P08_01 26212 26285 0
train/P08/P08_24 8699 8807 0
train/P08/P08_01 36362 36437 0
train/P08/P08_05 34946 35216 0
test/P08/P08_16 1095 1299 0
train/P08/P08_26 1379 1454 0
train/P08/P08_24 31281 31374 0
train/P08/P08_04 5705 5803 0
train/P08/P08_21 23237 23612 0
train/P08/P08_04 2178 2261 0
train/P08/P08_26 22031 22091 0
train/P08/P08_23 1493 1657 0
test/P08/P08_16 24392 24477 0
train/P08/P08_24 1070 1151 0
train/P08/P08_26 1823 1925 0
train/P08/P08_08 8274 8387 0
train/P08/P08_21 16613 16676 0
train/P08/P08_05 15796 16167 0
train/P08/P08_08 2536 2861 0
train/P08/P08_24 11147 11337 0
train/P08/P08_04 834 974 0
train/P08/P08_05 61956 62098 0
train/P08/P08_05 14562 14627 0
train/P08/P08_26 23253 23395 0
train/P08/P08_04 10107 10344 0
train/P08/P08_26 11471 11517 0
train/P08/P08_11 11187 11330 0
train/P08/P08_03 663 783 0
train/P08/P08_18 27138 27217 0
test/P08/P08_17 8182 8383 0
test/P08/P08_16 14054 14244 0
train/P08/P08_21 75182 75243 0
train/P08/P08_23 68280 68518 0
train/P08/P08_23 16844 17014 0
train/P08/P08_19 6187 6292 0
train/P08/P08_05 28853 28893 0
train/P08/P08_23 61390 61645 0
train/P08/P08_05 68300 68355 0
train/P08/P08_26 2448 2554 0
train/P08/P08_03 4346 4413 0
train/P08/P08_26 659 749 0
train/P08/P08_22 3482 3536 0
train/P08/P08_24 7710 7821 0
test/P08/P08_17 33728 33800 0
train/P08/P08_24 14732 14900 0
test/P08/P08_17 32385 32436 0
train/P08/P08_05 18308 18593 0
train/P08/P08_23 49535 49607 0
train/P08/P08_18 29725 29887 0
train/P08/P08_23 69926 69980 0
train/P08/P08_18 14899 14999 0
train/P08/P08_11 10946 11015 0
train/P08/P08_23 353 452 0
train/P08/P08_05 66290 66380 0
test/P08/P08_09 17868 17930 0
train/P08/P08_05 93690 93750 0
test/P08/P08_09 35780 35946 0
train/P08/P08_23 73167 73219 0
train/P08/P08_27 10850 10949 0
train/P08/P08_03 2879 2939 0
train/P08/P08_21 8425 8572 0
test/P08/P08_17 33605 33647 0
train/P08/P08_23 65033 65105 0
train/P08/P08_20 1001 1193 0
train/P08/P08_05 204 444 0
train/P08/P08_03 2034 2189 0
test/P08/P08_15 6631 6687 0
test/P08/P08_15 1352 1466 0
train/P08/P08_24 8997 9041 0
train/P08/P08_03 445 780 0
train/P08/P08_08 5387 5438 0
train/P08/P08_24 18641 18836 0
train/P08/P08_12 455 615 0
train/P08/P08_08 8198 8273 0
train/P08/P08_01 29312 29388 0
test/P08/P08_14 2963 3022 0
train/P08/P08_04 11409 11592 0
train/P08/P08_24 8661 8792 0
train/P08/P08_24 19305 19456 0
train/P08/P08_18 10747 10781 0
train/P08/P08_01 5501 5680 0
train/P08/P08_18 9480 9532 0
train/P08/P08_20 2987 3099 0
train/P08/P08_06 3642 3708 0
test/P08/P08_17 29440 29526 0
test/P08/P08_17 27237 27370 0
train/P08/P08_01 7396 7484 0
test/P08/P08_10 290 354 0
train/P08/P08_04 8927 9098 0
train/P08/P08_05 18962 19022 0
train/P08/P08_01 5270 5658 0
test/P08/P08_14 7823 7926 0
train/P08/P08_23 58414 58513 0
test/P08/P08_15 1805 1985 0
test/P08/P08_17 331 393 0
train/P08/P08_04 6919 6979 0
train/P08/P08_01 1253 1345 0
train/P08/P08_20 11182 11231 0
train/P08/P08_27 5212 5298 0
train/P08/P08_24 1966 2266 0
train/P08/P08_04 3446 3516 0
train/P08/P08_24 9313 9392 0
train/P08/P08_24 34161 34280 0
train/P08/P08_01 5808 6081 0
train/P08/P08_05 35318 35498 0
train/P08/P08_26 4134 4268 0
train/P08/P08_23 4227 4259 0
train/P08/P08_05 43010 43191 0
train/P08/P08_05 31416 31536 0
train/P08/P08_24 1274 1349 0
train/P08/P08_05 54413 54470 0
train/P08/P08_23 27712 28314 0
test/P08/P08_16 12761 13778 0
train/P08/P08_24 33520 33595 0
test/P08/P08_16 27729 27831 0
train/P08/P08_05 6748 6890 0
train/P08/P08_01 355 432 0
train/P08/P08_20 9165 9321 0
train/P08/P08_23 11465 11514 0
train/P08/P08_26 7964 8108 0
train/P08/P08_03 477 597 0
train/P08/P08_11 6643 6897 0
train/P08/P08_04 4476 4608 0
train/P08/P08_05 59199 59485 0
train/P08/P08_01 27852 27908 0
train/P08/P08_25 63 193 0
train/P08/P08_23 62475 62720 0
test/P08/P08_17 3077 3147 0
train/P08/P08_21 15652 15747 0
train/P08/P08_20 12084 12169 0
train/P08/P08_27 9492 9594 0
train/P08/P08_06 8907 8957 0
test/P08/P08_16 17346 17400 0
train/P08/P08_23 3854 4061 0
train/P08/P08_18 3292 3366 0
train/P08/P08_06 5133 5336 0
train/P08/P08_21 23686 23867 0
test/P08/P08_17 21093 21183 0
train/P08/P08_22 6138 6243 0
test/P08/P08_17 10111 10308 0
test/P08/P08_17 2945 3080 0
train/P08/P08_05 35928 36182 0
train/P08/P08_05 3140 3201 0
train/P08/P08_26 1637 1697 0
test/P08/P08_17 10568 10655 0
train/P08/P08_28 1283 1366 0
train/P08/P08_04 5838 6251 0
train/P08/P08_01 6548 6770 0
train/P08/P08_23 29842 30026 0
test/P08/P08_15 7325 7401 0
train/P08/P08_27 10104 10177 0
train/P08/P08_21 71617 71686 0
train/P08/P08_21 61419 61476 0
test/P08/P08_16 21421 21556 0
train/P08/P08_23 20750 21446 0
train/P08/P08_21 82677 82748 0
test/P08/P08_15 17783 17842 0
train/P08/P08_21 81847 81952 0
train/P08/P08_04 3047 3092 0
train/P08/P08_23 526 611 0
train/P08/P08_08 5697 5822 0
test/P08/P08_14 4301 4364 0
train/P08/P08_23 34974 35262 0
train/P08/P08_08 5043 5131 0
train/P08/P08_04 1537 1664 0
train/P08/P08_23 23119 23253 0
test/P08/P08_10 2562 2737 0
train/P08/P08_26 8464 8527 0
train/P08/P08_08 1164 1359 0
train/P08/P08_02 3489 3596 0
test/P08/P08_14 4199 4271 0
train/P08/P08_08 4845 4970 0
train/P08/P08_01 32726 32827 0
train/P08/P08_21 17328 17491 0
train/P08/P08_23 7013 7072 0
train/P08/P08_11 8130 8260 0
train/P08/P08_23 80636 80687 0
train/P08/P08_25 452 618 0
train/P08/P08_20 170 293 0
train/P08/P08_24 12262 12444 0
train/P08/P08_23 63259 63664 0
train/P08/P08_03 50 271 0
train/P08/P08_11 5996 6042 0
train/P08/P08_05 94957 95058 0
test/P08/P08_17 9485 9566 0
test/P08/P08_09 15806 16036 0
train/P08/P08_27 726 791 0
test/P08/P08_15 23528 23715 0
test/P08/P08_16 23168 23213 0
train/P08/P08_04 4839 4950 0
train/P08/P08_04 5072 5208 0
train/P08/P08_01 4527 4613 0
train/P08/P08_27 161 374 0
test/P08/P08_15 3518 3587 0
train/P08/P08_23 60773 60828 0
train/P08/P08_26 6777 7026 0
train/P08/P08_24 20871 20939 0
train/P08/P08_11 7205 7330 0
train/P08/P08_04 3363 3423 0
train/P08/P08_05 4083 4203 0
train/P08/P08_06 3964 4058 0
train/P08/P08_18 432 530 0
train/P08/P08_19 4342 4413 0
train/P08/P08_22 1412 1455 0
train/P08/P08_20 823 995 0
train/P08/P08_28 38 119 0
train/P08/P08_20 11265 11394 0
test/P08/P08_17 29170 29280 0
train/P08/P08_04 2933 2999 0
train/P08/P08_19 4448 4527 0
train/P08/P08_22 2177 2261 0
test/P08/P08_15 30983 31065 0
train/P08/P08_18 28014 28070 0
train/P08/P08_01 4341 4446 0
train/P08/P08_21 41622 41793 0
train/P08/P08_03 6899 7044 0
train/P08/P08_24 381 736 0
test/P08/P08_16 1661 1751 0
train/P08/P08_05 63839 63938 0
test/P08/P08_09 155 215 0
test/P08/P08_17 20496 20588 0
train/P08/P08_24 12027 12092 0
train/P08/P08_06 27702 27785 0
train/P08/P08_11 459 650 0
train/P08/P08_05 72888 72957 0
test/P08/P08_17 28389 28524 0
train/P08/P08_05 49804 49954 0
train/P08/P08_06 643 736 0
test/P08/P08_15 2573 2828 0
test/P08/P08_15 25338 25389 0
train/P08/P08_21 9151 9406 0
train/P08/P08_23 41967 42054 0
train/P08/P08_23 49469 49530 0
test/P08/P08_14 4121 4194 0
train/P08/P08_04 5883 6203 0
train/P08/P08_06 7591 7726 0
test/P08/P08_15 11872 11984 0
train/P08/P08_05 2405 2726 0
train/P08/P08_24 2559 2842 0
test/P08/P08_09 14204 14374 0
test/P08/P08_09 8092 8442 0
train/P08/P08_21 13869 13943 0
train/P08/P08_23 18798 18930 0
test/P08/P08_15 15225 15288 0
train/P08/P08_21 16980 17100 0
test/P08/P08_17 28028 28086 0
train/P08/P08_25 818 936 0
test/P08/P08_09 6899 7038 0
test/P08/P08_16 28738 28845 0
test/P08/P08_17 1388 1441 0
train/P08/P08_05 9279 9325 0
train/P08/P08_04 9203 9329 0
train/P08/P08_05 4660 4715 0
test/P08/P08_15 10492 10582 0
train/P08/P08_26 5870 5969 0
train/P08/P08_18 6585 6660 0
train/P08/P08_22 491 662 0
test/P08/P08_16 10484 10617 0
test/P08/P08_14 452 542 0
train/P08/P08_18 28268 28814 0
train/P08/P08_05 64658 64754 0
train/P08/P08_21 60728 60796 0
train/P08/P08_24 7935 8019 0
train/P08/P08_27 8708 8829 0
train/P08/P08_05 68786 68880 0
test/P08/P08_16 1940 1994 0
train/P08/P08_06 14893 14960 0
train/P08/P08_19 5604 5731 0
train/P08/P08_21 12434 12509 0
test/P08/P08_10 6936 6992 0
train/P08/P08_24 6189 6272 0
test/P08/P08_14 1119 1227 0
train/P08/P08_24 24242 24452 0
train/P08/P08_01 1950 2019 0
train/P08/P08_20 1570 1701 0
test/P08/P08_14 1901 2219 0
test/P08/P08_09 14434 14584 0
train/P08/P08_23 82997 83057 0
train/P08/P08_05 103787 103983 0
test/P08/P08_15 20622 20674 0
train/P08/P08_21 60289 60469 0
train/P08/P08_26 6913 6975 0
train/P08/P08_20 2645 2812 0
train/P08/P08_01 14388 14495 0
train/P08/P08_05 57879 57941 0
train/P08/P08_01 14931 15044 0
test/P08/P08_09 10867 11013 0
train/P08/P08_05 3009 3069 0
train/P08/P08_20 1773 1872 0
train/P08/P08_21 69466 69551 0
train/P08/P08_23 32918 33225 0
train/P08/P08_24 31110 31280 0
train/P08/P08_11 727 1102 0
train/P08/P08_27 380 533 0
test/P08/P08_17 15785 15834 0
train/P08/P08_01 25546 25690 0
train/P08/P08_01 8180 8430 0
test/P08/P08_17 2306 2389 0
test/P08/P08_16 22086 22184 0
test/P08/P08_09 7817 7999 0
train/P08/P08_21 81638 81729 0
train/P08/P08_01 10330 10582 0
test/P08/P08_09 30462 30543 0
test/P08/P08_15 13306 13461 0
train/P08/P08_21 59411 59741 0
test/P08/P08_09 10312 10379 0
train/P08/P08_05 14253 14553 0
train/P08/P08_01 33497 33557 0
test/P08/P08_17 31829 31935 0
train/P08/P08_06 8327 8601 0
train/P08/P08_26 10563 10631 0
train/P08/P08_21 25932 26531 0
train/P08/P08_05 47681 47756 0
train/P08/P08_18 5072 5169 0
train/P08/P08_04 5330 5469 0
test/P08/P08_16 12152 12302 0
train/P08/P08_26 191 289 0
train/P08/P08_26 7593 7634 0
train/P08/P08_01 7296 7329 0
train/P08/P08_23 69851 69922 0
test/P08/P08_15 15849 15954 0
test/P08/P08_15 12338 12425 0
train/P08/P08_05 30285 30438 0
train/P08/P08_18 8895 9023 0
train/P08/P08_05 3023 3561 0
train/P08/P08_02 2192 2325 0
train/P08/P08_21 28689 28761 0
train/P08/P08_21 65176 65286 0
train/P08/P08_19 4520 4604 0
train/P08/P08_21 76615 76754 0
test/P08/P08_15 10729 10799 0
train/P08/P08_23 59382 60114 0
test/P08/P08_16 28761 28881 0
test/P08/P08_09 27485 27702 0
test/P08/P08_15 22773 22829 0
train/P08/P08_22 134 231 0
test/P08/P08_16 33127 33189 0
train/P08/P08_21 83300 83361 0
train/P08/P08_05 33809 33959 0
train/P08/P08_21 13760 13835 3
train/P08/P08_23 80135 80199 3
train/P08/P08_05 60775 60877 3
train/P08/P08_23 85376 85494 3
train/P08/P08_23 77479 77612 3
train/P08/P08_21 25524 25682 3
train/P08/P08_05 1559 1604 3
train/P08/P08_03 8507 8566 3
test/P08/P08_15 1448 1718 3
train/P08/P08_21 69395 69449 3
train/P08/P08_21 44028 44150 3
test/P08/P08_09 4903 4993 3
train/P08/P08_21 60456 60545 3
train/P08/P08_01 11967 12029 3
train/P08/P08_21 65293 65678 3
train/P08/P08_18 13309 13421 3
train/P08/P08_21 76407 76457 3
train/P08/P08_04 3558 3658 3
test/P08/P08_15 2312 2567 3
test/P08/P08_17 3681 3836 3
test/P08/P08_14 121 259 3
test/P08/P08_17 26769 26856 3
train/P08/P08_21 26639 26697 3
train/P08/P08_05 92919 92988 3
train/P08/P08_01 2670 3200 3
train/P08/P08_26 6668 6771 3
train/P08/P08_05 69138 69276 3
train/P08/P08_23 84135 84235 3
train/P08/P08_19 2446 2601 3
train/P08/P08_23 58100 58215 3
train/P08/P08_23 82766 82857 3
test/P08/P08_09 21699 21782 3
test/P08/P08_09 22802 22892 3
train/P08/P08_01 11531 11867 3
train/P08/P08_23 3135 3270 3
train/P08/P08_01 23738 24473 3
train/P08/P08_18 11425 11470 3
train/P08/P08_06 28452 28524 3
test/P08/P08_15 12975 13016 3
train/P08/P08_28 1101 1217 3
train/P08/P08_23 48834 49017 3
train/P08/P08_26 24158 24222 3
train/P08/P08_21 48437 48532 3
train/P08/P08_01 24869 24924 3
train/P08/P08_05 57160 57266 3
train/P08/P08_03 8092 8220 3
train/P08/P08_02 3191 3345 3
train/P08/P08_05 101630 101691 3
train/P08/P08_05 90464 90549 3
train/P08/P08_21 32938 32992 3
train/P08/P08_18 11632 11752 3
train/P08/P08_01 35266 35336 3
train/P08/P08_18 4299 4404 3
train/P08/P08_21 15627 15709 3
train/P08/P08_07 914 1065 3
train/P08/P08_02 2039 2155 3
train/P08/P08_02 1864 1961 3
train/P08/P08_22 2045 2138 3
train/P08/P08_26 6465 6667 3
train/P08/P08_08 7884 8094 3
test/P08/P08_16 32589 32745 3
train/P08/P08_06 28412 28452 3
train/P08/P08_04 11793 11856 3
train/P08/P08_21 82220 82310 3
train/P08/P08_18 10681 10756 3
test/P08/P08_09 8480 8681 3
train/P08/P08_05 95991 96056 3
train/P08/P08_02 1965 2052 3
test/P08/P08_14 3042 3122 3
train/P08/P08_23 24047 24091 3
test/P08/P08_09 34955 35310 3
train/P08/P08_23 49358 49479 3
train/P08/P08_11 9495 9548 3
test/P08/P08_17 34611 34688 3
train/P08/P08_26 5773 5864 3
train/P08/P08_24 5802 5882 3
train/P08/P08_02 2655 2724 3
test/P08/P08_09 14881 15375 3
train/P08/P08_27 9306 9431 3
train/P08/P08_04 8372 8430 3
train/P08/P08_21 13639 13735 3
test/P08/P08_09 23073 23136 3
test/P08/P08_09 25898 25977 3
train/P08/P08_23 69299 69397 3
train/P08/P08_18 9416 9545 3
test/P08/P08_10 1556 1887 3
train/P08/P08_21 3669 3739 3
train/P08/P08_04 9351 9416 3
train/P08/P08_21 72307 72367 3
train/P08/P08_22 2477 2666 3
train/P08/P08_05 4288 4413 3
train/P08/P08_23 77828 77885 3
train/P08/P08_05 24416 24449 3
test/P08/P08_10 653 712 3
test/P08/P08_09 36511 36571 3
test/P08/P08_17 34697 34785 3
train/P08/P08_04 8497 8685 3
train/P08/P08_21 66279 66458 3
test/P08/P08_10 2316 2448 3
train/P08/P08_05 103975 104035 3
train/P08/P08_11 10401 10468 3
train/P08/P08_05 57947 58058 3
train/P08/P08_05 28650 28687 3
train/P08/P08_23 58962 59070 3
train/P08/P08_01 10046 10115 3
train/P08/P08_28 1479 1569 3
train/P08/P08_18 8699 8903 3
train/P08/P08_21 12281 12371 3
train/P08/P08_05 98334 98381 3
train/P08/P08_21 72680 72764 3
train/P08/P08_11 9614 9698 3
train/P08/P08_05 6126 6249 3
test/P08/P08_15 11129 11182 3
test/P08/P08_17 34304 34568 1
test/P08/P08_15 4565 4799 1
test/P08/P08_17 33875 33948 1
test/P08/P08_10 6195 6304 1
train/P08/P08_18 8415 8613 1
train/P08/P08_21 40471 40607 1
test/P08/P08_17 28179 28259 1
train/P08/P08_26 465 637 1
train/P08/P08_18 1653 1723 1
train/P08/P08_23 23918 24024 1
train/P08/P08_23 5486 5540 1
train/P08/P08_21 79697 80154 1
train/P08/P08_18 755 849 1
test/P08/P08_16 16283 16481 1
test/P08/P08_16 21629 21837 1
train/P08/P08_21 15492 15672 1
test/P08/P08_17 12545 12653 1
train/P08/P08_21 63938 64241 1
train/P08/P08_23 50822 50882 1
test/P08/P08_17 31333 31389 1
train/P08/P08_05 102659 102764 1
train/P08/P08_21 81714 82215 1
train/P08/P08_11 114 197 1
train/P08/P08_26 21051 21116 1
test/P08/P08_10 1101 1351 1
train/P08/P08_26 7467 7556 1
train/P08/P08_04 7619 7795 1
train/P08/P08_01 29393 29543 1
train/P08/P08_24 20393 20666 1
train/P08/P08_06 6500 6817 1
train/P08/P08_05 40190 40310 1
train/P08/P08_11 7881 8050 1
train/P08/P08_11 8574 9015 1
train/P08/P08_05 1428 1554 1
train/P08/P08_23 19417 19624 1
train/P08/P08_01 29915 30019 1
train/P08/P08_18 3074 3231 1
train/P08/P08_06 12992 13343 1
test/P08/P08_14 989 1133 1
test/P08/P08_09 27717 27822 1
train/P08/P08_01 4005 4079 1
train/P08/P08_24 33717 34163 1
train/P08/P08_06 28184 28406 1
train/P08/P08_21 72973 73037 1
train/P08/P08_24 23859 24008 1
train/P08/P08_04 1677 1887 1
train/P08/P08_28 906 1025 1
train/P08/P08_23 79199 79326 1
test/P08/P08_09 30576 30707 1
train/P08/P08_24 18998 19148 1
test/P08/P08_09 23781 23849 1
train/P08/P08_21 4229 4349 1
test/P08/P08_09 36414 36505 1
test/P08/P08_10 5322 5410 1
train/P08/P08_23 49213 49352 1
train/P08/P08_21 66458 66612 1
test/P08/P08_17 32519 32606 1
train/P08/P08_21 44213 44268 1
train/P08/P08_21 30866 30986 1
test/P08/P08_15 32296 32431 1
test/P08/P08_16 13779 13896 1
train/P08/P08_21 3776 3896 1
test/P08/P08_17 5051 5126 1
train/P08/P08_26 1541 1631 1
train/P08/P08_26 2814 3086 1
train/P08/P08_26 7660 7959 1
train/P08/P08_18 6377 6541 1
train/P08/P08_24 7510 7582 1
train/P08/P08_26 9863 9986 1
train/P08/P08_28 1381 1506 1
train/P08/P08_23 78540 78699 1
train/P08/P08_24 6051 6119 1
train/P08/P08_05 83154 83251 1
train/P08/P08_05 60710 60814 1
train/P08/P08_23 18294 18522 1
test/P08/P08_09 25173 25277 1
train/P08/P08_24 7802 7889 1
train/P08/P08_21 10481 10684 1
train/P08/P08_01 31721 31810 1
train/P08/P08_05 77136 77411 1
train/P08/P08_26 1163 1268 1
train/P08/P08_21 11068 11128 1
train/P08/P08_18 5197 5356 1
train/P08/P08_26 965 1109 1
train/P08/P08_01 25658 25704 1
test/P08/P08_16 26801 26960 1
test/P08/P08_10 8065 8247 1
train/P08/P08_21 72207 72272 1
train/P08/P08_06 6753 6813 1
train/P08/P08_21 13087 13180 1
train/P08/P08_04 8847 8957 1
test/P08/P08_14 1233 1377 1
train/P08/P08_23 13408 13438 1
train/P08/P08_01 33638 33707 1
test/P08/P08_15 14636 14937 1
train/P08/P08_20 1462 1507 1
test/P08/P08_15 18642 18866 1
train/P08/P08_21 12939 13026 1
train/P08/P08_23 23331 23724 1
train/P08/P08_28 422 564 1
train/P08/P08_23 77733 77810 1
train/P08/P08_23 13775 13865 1
train/P08/P08_23 5009 5138 1
train/P08/P08_05 5695 5801 1
test/P08/P08_15 15972 16149 1
train/P08/P08_07 1193 1305 1
train/P08/P08_23 50948 51248 1
train/P08/P08_23 66565 66737 1
train/P08/P08_23 84977 85278 1
train/P08/P08_24 32895 33424 1
train/P08/P08_23 14222 14252 1
train/P08/P08_24 29176 29281 1
train/P08/P08_19 7009 7084 1
train/P08/P08_18 6043 6198 1
train/P08/P08_01 9198 9260 1
train/P08/P08_02 5723 5844 1
train/P08/P08_21 77178 77240 1
train/P08/P08_06 6948 7150 1
test/P08/P08_10 4868 4952 1
train/P08/P08_05 72963 73023 1
test/P08/P08_16 2420 3064 1
train/P08/P08_08 333 444 1
test/P08/P08_09 35309 35565 1
train/P08/P08_03 7853 8028 1
train/P08/P08_05 89117 89183 1
train/P08/P08_06 9886 10021 1
test/P08/P08_09 25742 25894 1
test/P08/P08_09 11180 11275 1
train/P08/P08_24 789 845 1
train/P08/P08_24 33432 33489 1
train/P08/P08_02 806 967 1
train/P08/P08_23 58185 58236 1
test/P08/P08_15 27976 28410 1
train/P08/P08_04 2081 2210 1
train/P08/P08_03 3972 4184 1
test/P08/P08_14 2924 2985 1
test/P08/P08_16 6529 6693 1
train/P08/P08_23 68958 69132 1
train/P08/P08_24 5496 5540 1
train/P08/P08_27 9177 9310 1
train/P08/P08_04 9615 9748 1
test/P08/P08_17 33663 33706 1
train/P08/P08_05 98908 98982 1
test/P08/P08_14 8333 8505 1
test/P08/P08_17 10303 10468 1
train/P08/P08_24 31571 31651 1
train/P08/P08_06 4446 4605 1
test/P08/P08_15 14294 14355 1
train/P08/P08_26 6339 6460 1
train/P08/P08_05 4969 5083 1
test/P08/P08_09 10644 10685 1
train/P08/P08_18 12422 12573 1
train/P08/P08_24 2799 2895 1
train/P08/P08_05 84142 84217 1
test/P08/P08_10 12538 12664 1
test/P08/P08_09 2371 2442 1
test/P08/P08_17 31196 31331 1
train/P08/P08_05 44167 44228 1
train/P08/P08_11 9078 9348 1
train/P08/P08_05 94836 94997 1
train/P08/P08_21 1247 1355 1
train/P08/P08_07 329 480 1
train/P08/P08_04 4598 4833 1
train/P08/P08_18 9852 10118 1
train/P08/P08_23 76421 76577 1
train/P08/P08_24 18087 18217 1
train/P08/P08_06 9485 9680 1
test/P08/P08_15 3587 3788 1
train/P08/P08_24 17698 18014 1
train/P08/P08_24 28870 29170 1
train/P08/P08_19 3567 3617 1
train/P08/P08_22 5949 6160 1
test/P08/P08_10 2995 3217 1
train/P08/P08_05 7367 7445 1
test/P08/P08_16 9128 9340 1
train/P08/P08_05 6473 6603 1
train/P08/P08_01 10780 10861 1
test/P08/P08_17 1447 1554 1
train/P08/P08_23 40513 40820 1
test/P08/P08_16 34933 35143 1
train/P08/P08_21 9510 10160 1
train/P08/P08_07 140 215 1
train/P08/P08_24 28439 28491 1
train/P08/P08_19 2403 2487 1
train/P08/P08_18 20425 20479 1
test/P08/P08_14 304 434 1
test/P08/P08_15 9860 9982 1
train/P08/P08_26 24063 24171 1
test/P08/P08_16 30905 31067 1
train/P08/P08_20 11071 11161 1
train/P08/P08_24 14000 14161 1
train/P08/P08_05 95582 95814 1
train/P08/P08_02 221 312 1
train/P08/P08_06 27519 27658 1
train/P08/P08_18 10252 10301 1
train/P08/P08_26 23426 23884 1
test/P08/P08_17 20815 20921 1
test/P08/P08_17 32053 32182 1
test/P08/P08_16 860 924 1
train/P08/P08_23 87861 89460 1
train/P08/P08_01 10855 11313 1
train/P08/P08_22 1560 1657 1
train/P08/P08_24 12095 12213 1
train/P08/P08_01 30008 30381 1
train/P08/P08_04 9570 10098 1
train/P08/P08_24 12450 12625 1
train/P08/P08_24 14337 14709 1
train/P08/P08_03 2948 3504 1
train/P08/P08_05 8654 8864 1
train/P08/P08_23 83063 83504 1
test/P08/P08_09 16686 16811 1
train/P08/P08_05 87114 87324 1
train/P08/P08_08 4270 4406 1
train/P08/P08_23 22877 22991 1
test/P08/P08_16 22790 23006 1
train/P08/P08_08 4614 4685 1
train/P08/P08_03 3511 3952 1
train/P08/P08_27 10419 10466 1
train/P08/P08_03 7425 7650 1
train/P08/P08_01 942 1267 1
train/P08/P08_26 8510 8586 1
test/P08/P08_09 7607 7676 1
train/P08/P08_24 31967 32092 1
train/P08/P08_21 18014 18057 1
train/P08/P08_04 5214 5324 1
train/P08/P08_20 9582 9705 1
train/P08/P08_23 67212 67830 1
train/P08/P08_18 9172 9421 1
train/P08/P08_03 7081 7204 1
train/P08/P08_05 61687 61840 1
test/P08/P08_17 987 1062 1
train/P08/P08_18 8560 8786 1
train/P08/P08_21 18640 18747 1
test/P08/P08_17 33439 33584 1
train/P08/P08_21 6270 6509 1
train/P08/P08_01 1367 1425 1
train/P08/P08_25 192 295 1
train/P08/P08_05 67140 67261 1
train/P08/P08_23 58639 58714 1
train/P08/P08_26 3922 4122 1
train/P08/P08_11 8997 9072 1
train/P08/P08_05 51719 51833 1
train/P08/P08_22 2268 2471 1
train/P08/P08_06 8729 8894 1
train/P08/P08_26 7203 7389 1
test/P08/P08_09 5916 6110 1
train/P08/P08_22 5688 5815 1
train/P08/P08_06 8095 8320 1
test/P08/P08_15 27343 27728 1
test/P08/P08_15 15128 15233 1
train/P08/P08_03 8227 8375 1
test/P08/P08_15 12112 12166 1
train/P08/P08_21 72591 72680 1
train/P08/P08_22 7150 7301 1
train/P08/P08_24 13822 13918 1
train/P08/P08_21 63154 63889 1
train/P08/P08_28 737 900 1
train/P08/P08_27 9024 9127 1
train/P08/P08_04 7789 8369 1
train/P08/P08_05 100613 100662 1
train/P08/P08_05 64279 64476 1
test/P08/P08_16 22083 22116 1
train/P08/P08_27 10983 11087 1
train/P08/P08_24 10240 10493 1
train/P08/P08_08 7703 7947 1
train/P08/P08_23 60385 60735 1
train/P08/P08_05 95835 95910 1
train/P08/P08_21 69269 69329 1
train/P08/P08_21 41045 41195 1
train/P08/P08_01 11899 11989 1
train/P08/P08_06 27931 28030 1
train/P08/P08_20 12228 12297 1
test/P08/P08_15 26776 27153 1
test/P08/P08_16 5815 5935 1
test/P08/P08_09 32856 33130 1
train/P08/P08_23 79715 79806 1
train/P08/P08_24 20087 20283 1
test/P08/P08_17 3527 3625 1
train/P08/P08_05 64443 64566 1
train/P08/P08_04 4956 5050 1
test/P08/P08_15 25568 25628 1
test/P08/P08_16 31601 31706 1
test/P08/P08_10 13101 13208 1
train/P08/P08_24 3647 3714 1
test/P08/P08_16 18049 18108 1
train/P08/P08_18 29133 29504 1
train/P08/P08_08 7518 7619 1
train/P08/P08_01 33246 33296 1
train/P08/P08_02 428 543 1
test/P08/P08_16 23409 23504 1
train/P08/P08_05 55386 55485 1
train/P08/P08_04 6200 6331 1
train/P08/P08_23 29700 29854 1
train/P08/P08_18 9534 9609 1
train/P08/P08_05 90280 90342 1
test/P08/P08_17 27462 27857 1
train/P08/P08_22 652 897 1
train/P08/P08_24 24565 24642 1
train/P08/P08_26 77 179 1
train/P08/P08_18 7203 7325 1
train/P08/P08_01 2132 2303 1
train/P08/P08_01 32381 32554 1
train/P08/P08_21 13458 13528 1
train/P08/P08_21 5738 5821 1
train/P08/P08_01 15117 15197 1
train/P08/P08_03 8373 8501 1
test/P08/P08_17 31066 31190 1
train/P08/P08_05 95913 96030 1
train/P08/P08_24 28195 28242 1
train/P08/P08_22 862 1315 1
train/P08/P08_01 6827 7115 1
train/P08/P08_21 8141 8259 1
train/P08/P08_26 22637 22712 1
test/P08/P08_15 22435 22527 1
train/P08/P08_05 80918 81040 1
train/P08/P08_21 14219 14661 1
train/P08/P08_05 85746 85866 1
test/P08/P08_17 28530 28964 1
train/P08/P08_24 15918 17411 1
train/P08/P08_21 13540 13629 1
train/P08/P08_21 7721 7871 1
train/P08/P08_05 86718 87093 1
train/P08/P08_26 22256 22396 1
train/P08/P08_24 23250 23340 1
train/P08/P08_23 48080 48230 1
train/P08/P08_21 4939 5076 1
train/P08/P08_01 3233 3322 1
test/P08/P08_09 16153 16286 1
train/P08/P08_23 39051 39296 1
train/P08/P08_05 20202 20262 1
train/P08/P08_01 24553 24785 1
train/P08/P08_22 231 383 1
test/P08/P08_10 167 272 1
train/P08/P08_26 7395 7461 1
test/P08/P08_09 25563 25682 1
train/P08/P08_05 72636 72797 1
test/P08/P08_09 6756 6847 1
train/P08/P08_21 56415 56499 1
train/P08/P08_05 47399 47474 1
train/P08/P08_21 31905 31981 1
train/P08/P08_27 797 1187 4
test/P08/P08_10 13197 13643 4
train/P08/P08_06 19536 20241 4
train/P08/P08_05 46862 47102 4
train/P08/P08_06 19042 19395 4
test/P08/P08_09 9950 10094 4
train/P08/P08_02 3929 4068 4
train/P08/P08_23 8874 9168 4
train/P08/P08_23 19792 20118 4
train/P08/P08_21 2476 2627 4
test/P08/P08_14 4042 4115 4
test/P08/P08_16 24279 24399 4
train/P08/P08_18 27223 27461 4
train/P08/P08_11 11325 11490 4
train/P08/P08_06 27785 27833 4
train/P08/P08_26 12668 13083 4
train/P08/P08_22 3856 4117 4
train/P08/P08_23 81873 82337 4
train/P08/P08_18 5471 5597 4
test/P08/P08_10 7021 7347 4
train/P08/P08_27 9639 9818 4
train/P08/P08_23 11936 12045 4
train/P08/P08_19 5425 5487 4
train/P08/P08_05 60236 60570 4
test/P08/P08_16 29704 29792 4
train/P08/P08_18 15502 16062 4
train/P08/P08_01 19377 19562 4
train/P08/P08_23 12702 12960 4
train/P08/P08_18 21678 22179 4
train/P08/P08_26 4875 5179 4
train/P08/P08_23 49821 49895 4
train/P08/P08_26 22105 22232 4
train/P08/P08_02 4276 4944 4
train/P08/P08_05 47480 47689 4
test/P08/P08_09 19904 20105 4
train/P08/P08_23 11559 11919 4
test/P08/P08_10 2732 3016 4
train/P08/P08_05 91577 91792 4
train/P08/P08_27 8418 8584 4
train/P08/P08_06 2054 2150 4
train/P08/P08_22 3385 3476 4
train/P08/P08_26 15656 15749 4
train/P08/P08_18 13465 13671 4
train/P08/P08_02 5061 5391 4
test/P08/P08_09 1176 1719 4
train/P08/P08_05 24309 24410 4
test/P08/P08_15 5715 6032 4
train/P08/P08_02 5895 6154 4
train/P08/P08_18 10811 11280 4
train/P08/P08_23 67904 67968 4
train/P08/P08_05 98236 98341 4
train/P08/P08_21 83914 84045 4
train/P08/P08_21 64279 64492 4
train/P08/P08_23 90980 91060 4
train/P08/P08_23 80820 80888 4
train/P08/P08_05 1931 2076 4
train/P08/P08_23 15387 15549 4
test/P08/P08_09 2172 2372 4
train/P08/P08_01 1652 1728 4
test/P08/P08_16 24567 24735 4
train/P08/P08_06 7716 7875 4
train/P08/P08_22 3036 3243 4
test/P08/P08_09 34568 34665 4
train/P08/P08_23 64755 64818 4
train/P08/P08_27 10202 10395 4
train/P08/P08_23 64629 64719 4
train/P08/P08_19 2964 3413 4
test/P08/P08_09 36562 36742 4
train/P08/P08_26 1923 2226 4
train/P08/P08_26 14780 15230 4
train/P08/P08_26 16154 16694 4
train/P08/P08_22 4123 4673 4
train/P08/P08_23 46163 46439 4
test/P08/P08_10 5067 5267 4
train/P08/P08_05 12572 13986 4
test/P08/P08_10 9066 9630 4
train/P08/P08_26 16796 16946 4
train/P08/P08_06 9179 9479 4
train/P08/P08_05 9621 10006 4
train/P08/P08_18 16839 17301 4
test/P08/P08_15 7733 8990 4
test/P08/P08_16 30008 30138 4
train/P08/P08_01 27914 27980 4
train/P08/P08_23 14383 14999 4
train/P08/P08_05 102299 102422 4
train/P08/P08_05 11164 11503 4
train/P08/P08_23 48518 48599 4
test/P08/P08_16 29869 30045 4
train/P08/P08_01 34222 34537 4
test/P08/P08_16 20894 21007 4
test/P08/P08_16 18826 18982 4
train/P08/P08_05 100006 100088 4
train/P08/P08_23 30017 30111 4
train/P08/P08_06 24092 24242 4
train/P08/P08_26 6052 6282 4
train/P08/P08_06 2328 2630 4
train/P08/P08_05 24209 24338 4
test/P08/P08_15 10294 10384 4
train/P08/P08_20 10537 10824 4
train/P08/P08_18 20520 21195 4
test/P08/P08_10 3223 3508 4
test/P08/P08_16 26706 26788 4
train/P08/P08_18 17399 17930 4
test/P08/P08_09 26786 27045 4
test/P08/P08_14 7433 7622 4
train/P08/P08_23 6880 7007 4
train/P08/P08_05 67769 67962 4
train/P08/P08_01 19097 19295 4
test/P08/P08_14 3447 3848 4
train/P08/P08_06 27865 27933 4
train/P08/P08_06 8958 9021 4
test/P08/P08_10 7393 7998 4
train/P08/P08_27 9929 10073 4
train/P08/P08_23 22532 22836 4
train/P08/P08_06 17836 17978 4
train/P08/P08_26 9035 9321 4
train/P08/P08_23 77975 78059 4
train/P08/P08_05 18706 18879 4
train/P08/P08_21 37104 37268 4
test/P08/P08_10 6546 6801 4
train/P08/P08_23 47069 47187 4
train/P08/P08_23 79812 79918 4
train/P08/P08_18 25608 25734 4
test/P08/P08_09 20865 21089 4
train/P08/P08_06 10466 10592 4
train/P08/P08_01 36030 36218 4
test/P08/P08_10 12896 13170 4
train/P08/P08_20 10168 10266 4
train/P08/P08_18 18463 18922 4
train/P08/P08_06 14959 15464 4
test/P08/P08_09 5730 5880 4
test/P08/P08_10 12674 12882 4
train/P08/P08_02 3669 3911 4
train/P08/P08_11 10750 10947 4
train/P08/P08_26 1460 1535 4
test/P08/P08_16 12541 12759 4
train/P08/P08_25 1061 1152 4
train/P08/P08_18 9021 9188 4
train/P08/P08_23 67976 68040 4
train/P08/P08_19 5737 6157 4
train/P08/P08_05 37007 37292 4
train/P08/P08_11 11012 11145 4
train/P08/P08_27 8805 8904 4
test/P08/P08_10 4100 4571 4
train/P08/P08_21 35328 36027 4
test/P08/P08_15 16984 17778 4
train/P08/P08_28 1718 1892 4
train/P08/P08_08 912 1107 4
test/P08/P08_09 578 608 4
train/P08/P08_21 13949 14112 4
train/P08/P08_26 18539 18834 4
test/P08/P08_10 5411 5811 4
train/P08/P08_02 4046 4211 4
test/P08/P08_15 16293 16443 4
train/P08/P08_18 18708 19871 4
test/P08/P08_10 11041 11099 4
train/P08/P08_06 18369 18533 4
train/P08/P08_01 17265 17325 4
train/P08/P08_26 20133 20693 4
train/P08/P08_05 28604 28647 4
train/P08/P08_04 934 1136 4
train/P08/P08_26 19848 20027 4
test/P08/P08_10 11907 12257 4
train/P08/P08_18 24446 25443 4
train/P08/P08_23 21542 22019 4
train/P08/P08_26 8642 8924 4
test/P08/P08_14 5369 5567 4
train/P08/P08_01 35857 36001 4
train/P08/P08_20 9974 10077 4
test/P08/P08_16 10037 10346 4
train/P08/P08_18 5722 6028 4
train/P08/P08_26 17424 17799 4
train/P08/P08_22 2717 2876 4
train/P08/P08_01 33704 33824 4
train/P08/P08_06 14340 14850 4
train/P08/P08_23 28266 28476 4
train/P08/P08_27 10678 10828 4
test/P08/P08_15 4938 5411 4
train/P08/P08_26 8336 8464 4
train/P08/P08_05 83730 83877 4
train/P08/P08_26 9986 10572 4
test/P08/P08_15 7083 7174 4
train/P08/P08_21 37256 37515 4
test/P08/P08_09 2545 3457 4
test/P08/P08_16 19063 19254 4
test/P08/P08_17 34817 34938 4
train/P08/P08_20 11381 11576 4
train/P08/P08_28 1031 1126 4
train/P08/P08_05 13253 13955 4
train/P08/P08_26 8930 9099 4
train/P08/P08_05 104358 104604 4
test/P08/P08_09 3695 3790 4
train/P08/P08_23 17928 18013 4
train/P08/P08_18 7899 8376 4
test/P08/P08_15 7799 9089 4
test/P08/P08_15 10581 10733 4
train/P08/P08_05 42521 42728 4
train/P08/P08_21 37682 37826 4
train/P08/P08_18 22581 23268 4
train/P08/P08_26 14056 14216 4
train/P08/P08_23 91271 91442 4
train/P08/P08_21 58739 58844 4
train/P08/P08_23 78698 79205 7
train/P08/P08_01 31539 31689 7
test/P08/P08_17 8951 9296 7
train/P08/P08_21 62059 62301 7
train/P08/P08_11 8300 8574 7
train/P08/P08_01 33200 33240 7
test/P08/P08_15 2910 3107 7
train/P08/P08_21 24119 24546 7
train/P08/P08_21 55115 56400 7
test/P08/P08_17 11174 11574 7
test/P08/P08_17 21650 22089 7
train/P08/P08_01 22038 22584 7
train/P08/P08_23 69986 70161 7
test/P08/P08_09 7187 7477 7
train/P08/P08_21 20414 20699 7
train/P08/P08_05 75111 75231 7
train/P08/P08_01 9386 9674 7
train/P08/P08_05 92423 92933 7
test/P08/P08_15 13467 13781 7
test/P08/P08_15 22930 23118 7
train/P08/P08_05 93386 93533 7
train/P08/P08_05 81502 81682 7
test/P08/P08_16 3446 3489 7
train/P08/P08_21 54819 55109 7
train/P08/P08_19 6298 6703 7
test/P08/P08_10 5792 6200 7
test/P08/P08_17 13114 13422 7
test/P08/P08_09 614 730 7
test/P08/P08_15 25389 25539 7
test/P08/P08_14 740 968 7
train/P08/P08_05 14691 14867 7
train/P08/P08_18 855 1639 7
test/P08/P08_17 8465 8735 7
train/P08/P08_21 51341 51625 7
train/P08/P08_21 47066 47240 7
train/P08/P08_05 55859 56024 7
train/P08/P08_21 48269 48414 7
train/P08/P08_24 29287 29745 7
train/P08/P08_05 54961 55395 7
train/P08/P08_23 75218 75419 7
train/P08/P08_21 32709 32932 7
test/P08/P08_10 9686 9834 7
train/P08/P08_05 92994 93135 7
test/P08/P08_16 23309 23422 7
train/P08/P08_01 30637 31328 7
train/P08/P08_07 582 908 7
train/P08/P08_27 1502 2123 5
train/P08/P08_08 3267 4246 5
train/P08/P08_23 42177 42714 5
train/P08/P08_05 22040 22962 5
train/P08/P08_23 28505 29645 5
test/P08/P08_09 17914 18089 5
train/P08/P08_01 20666 21144 5
train/P08/P08_23 51820 53337 5
train/P08/P08_05 74243 74850 5
train/P08/P08_27 4785 4983 5
train/P08/P08_08 1524 1709 5
train/P08/P08_05 38973 40160 5
train/P08/P08_20 1878 2149 5
train/P08/P08_21 60932 61082 5
train/P08/P08_23 53729 54169 5
train/P08/P08_06 4609 4796 5
train/P08/P08_23 41061 41584 5
train/P08/P08_27 3665 4622 5
test/P08/P08_09 12730 13143 5
train/P08/P08_23 54175 55064 5
train/P08/P08_23 44595 45503 5
test/P08/P08_14 4365 4505 5
train/P08/P08_24 8409 8591 5
test/P08/P08_15 20099 20939 5
test/P08/P08_09 17617 17851 5
train/P08/P08_19 4584 4887 5
train/P08/P08_23 25882 27275 5
train/P08/P08_01 10590 10782 5
train/P08/P08_05 40316 41711 5
train/P08/P08_23 55341 56320 5
train/P08/P08_27 3260 3768 5
train/P08/P08_23 52899 53315 5
train/P08/P08_24 9398 9542 5
train/P08/P08_24 8777 8994 5
train/P08/P08_01 13273 13514 5
train/P08/P08_05 21528 21986 5
test/P08/P08_17 6868 7288 5
test/P08/P08_16 1724 1859 5
train/P08/P08_05 88655 88970 5
test/P08/P08_09 17185 17552 5
train/P08/P08_24 9134 9285 5
train/P08/P08_23 32272 32703 5
train/P08/P08_23 84488 84914 5
train/P08/P08_01 19715 20636 5
test/P08/P08_16 20336 20888 5
train/P08/P08_05 63544 63846 5
train/P08/P08_23 10516 11042 5
test/P08/P08_17 5267 6212 5
train/P08/P08_05 19058 19155 5
train/P08/P08_01 13520 13644 5
train/P08/P08_23 10119 11474 5
train/P08/P08_24 9047 9129 5
train/P08/P08_05 63243 63402 5
train/P08/P08_23 33262 34889 5
train/P08/P08_05 45606 46272 5
train/P08/P08_21 61461 61704 5
train/P08/P08_05 10827 11158 5
train/P08/P08_05 21631 22034 5
test/P08/P08_16 11205 11583 6
train/P08/P08_21 48926 49767 6
train/P08/P08_05 80336 80930 6
train/P08/P08_05 76565 77112 6
test/P08/P08_17 10630 11141 6
test/P08/P08_17 23708 24458 6
train/P08/P08_24 21912 22816 6
train/P08/P08_21 38175 38638 6
train/P08/P08_05 56030 56407 6
test/P08/P08_17 14315 15330 6
test/P08/P08_15 32959 33264 6
test/P08/P08_17 16191 16478 6
train/P08/P08_24 21031 21264 6
test/P08/P08_17 397 922 6
test/P08/P08_17 24987 25278 6
train/P08/P08_21 47279 48218 6
test/P08/P08_17 18802 19984 6
train/P08/P08_23 70658 72084 6
train/P08/P08_21 77692 78088 6
train/P08/P08_21 21777 22044 6
train/P08/P08_05 54740 54984 6
train/P08/P08_23 72540 72894 6
train/P08/P08_21 43007 43731 6
train/P08/P08_23 74421 75174 6
train/P08/P08_24 26541 28181 6
test/P08/P08_17 25284 26377 6
train/P08/P08_05 32091 32204 6
train/P08/P08_23 77053 77473 6
train/P08/P08_05 93299 94694 6
train/P08/P08_21 46339 47060 6
test/P08/P08_17 12661 13058 6
train/P08/P08_05 79737 80567 6
train/P08/P08_05 55456 55722 6
train/P08/P08_24 25934 26313 6
test/P08/P08_17 13659 14136 6
train/P08/P08_21 45458 46049 6
test/P08/P08_16 10605 10952 6
test/P08/P08_15 24680 25324 6
train/P08/P08_23 70484 70838 6
train/P08/P08_21 26726 28154 6
train/P08/P08_24 21401 21906 6
test/P08/P08_15 28451 29010 6
train/P08/P08_21 49088 50542 6
