test/P01/P01_15 29206 29291 2
train/P01/P01_18 27293 27348 2
train/P01/P01_02 27827 27947 2
train/P01/P01_09 153672 153759 2
train/P01/P01_17 64474 64525 2
test/P01/P01_12 3891 3962 2
train/P01/P01_18 87732 87787 2
train/P01/P01_03 4174 4269 2
train/P01/P01_09 92520 92571 2
train/P01/P01_18 73806 74057 2
train/P01/P01_08 1103 1167 2
train/P01/P01_04 2715 2807 2
train/P01/P01_07 8251 8408 2
train/P01/P01_09 109156 109244 2
train/P01/P01_01 21611 21709 2
test/P01/P01_11 23092 23137 2
test/P01/P01_15 38603 38682 2
train/P01/P01_07 7694 7770 2
test/P01/P01_12 707 805 2
train/P01/P01_07 5544 5624 2
train/P01/P01_05 2906 2951 2
train/P01/P01_18 41434 41547 2
train/P01/P01_03 4999 5052 2
train/P01/P01_03 3339 3456 2
test/P01/P01_12 8971 9016 2
train/P01/P01_09 139236 140219 2
test/P01/P01_14 10712 10811 2
train/P01/P01_01 45096 45188 2
train/P01/P01_17 42676 42748 2
test/P01/P01_13 4145 4204 2
train/P01/P01_09 48586 48669 2
train/P01/P01_16 1322 1369 2
train/P01/P01_02 1574 1637 2
train/P01/P01_05 74708 74832 2
test/P01/P01_14 66484 66567 2
train/P01/P01_01 57236 57299 2
train/P01/P01_09 201478 201520 2
train/P01/P01_09 12156 12237 2
train/P01/P01_18 59090 59150 2
train/P01/P01_09 209812 209915 2
train/P01/P01_02 3995 4056 2
train/P01/P01_09 86861 86952 2
train/P01/P01_18 189 324 2
train/P01/P01_16 1964 2054 2
train/P01/P01_01 18077 18206 2
train/P01/P01_07 6635 6747 2
train/P01/P01_18 62659 62729 2
train/P01/P01_01 765 838 2
train/P01/P01_09 107588 107645 2
test/P01/P01_14 22641 22680 2
test/P01/P01_12 8270 8335 2
train/P01/P01_07 7314 7361 2
train/P01/P01_18 71882 71949 2
train/P01/P01_18 88743 88803 2
train/P01/P01_09 80001 80081 2
train/P01/P01_07 6136 6231 2
train/P01/P01_09 170096 170186 2
train/P01/P01_09 129616 129693 2
train/P01/P01_01 5244 5296 2
train/P01/P01_18 151298 151353 2
train/P01/P01_17 48244 48364 2
test/P01/P01_12 1880 1944 2
train/P01/P01_18 8407 8462 2
train/P01/P01_17 67659 67731 2
test/P01/P01_14 5734 5794 2
test/P01/P01_11 32511 32654 2
train/P01/P01_09 117635 117682 2
train/P01/P01_07 3566 3624 2
train/P01/P01_05 11423 11475 2
train/P01/P01_18 22493 22547 2
train/P01/P01_09 105710 105768 2
train/P01/P01_02 25058 25170 2
test/P01/P01_14 46202 46292 2
test/P01/P01_14 49776 49838 2
test/P01/P01_13 688 759 2
train/P01/P01_09 173781 173835 2
train/P01/P01_16 9728 9863 2
train/P01/P01_18 174478 174530 2
test/P01/P01_11 3095 3148 2
train/P01/P01_03 15 125 2
test/P01/P01_14 43420 43490 2
test/P01/P01_12 5818 5946 2
train/P01/P01_01 45184 45268 2
train/P01/P01_17 35472 35535 2
train/P01/P01_17 30056 30137 2
train/P01/P01_18 26734 26789 2
train/P01/P01_05 28136 28196 2
train/P01/P01_02 28553 28599 2
train/P01/P01_17 24782 24827 2
train/P01/P01_18 85440 85493 2
train/P01/P01_18 12303 12350 2
train/P01/P01_09 115278 115343 2
train/P01/P01_09 165479 165640 2
train/P01/P01_07 1261 1325 2
train/P01/P01_18 22928 23008 2
train/P01/P01_01 64521 64601 2
test/P01/P01_14 33042 33113 2
train/P01/P01_09 95850 96030 2
train/P01/P01_10 83 226 2
test/P01/P01_14 20742 20820 2
train/P01/P01_01 16886 16974 2
train/P01/P01_09 86226 86276 2
train/P01/P01_09 167600 167705 2
train/P01/P01_09 50129 50189 2
train/P01/P01_09 77576 77882 2
test/P01/P01_14 78058 78163 2
train/P01/P01_09 143177 143272 2
train/P01/P01_01 3542 3737 2
train/P01/P01_09 202599 202658 2
train/P01/P01_01 32782 32844 2
train/P01/P01_18 46332 46387 2
test/P01/P01_15 612 673 2
test/P01/P01_14 13890 13943 2
train/P01/P01_09 197122 197234 2
train/P01/P01_17 39277 39344 2
test/P01/P01_14 31225 32459 2
train/P01/P01_02 22661 22737 2
train/P01/P01_05 56742 56904 2
test/P01/P01_12 7379 7442 2
train/P01/P01_02 10423 10528 2
test/P01/P01_14 19487 19545 2
train/P01/P01_16 1230 1287 2
train/P01/P01_17 43146 43268 2
train/P01/P01_09 76835 76872 2
train/P01/P01_01 39752 39812 2
train/P01/P01_18 1608 1728 2
train/P01/P01_19 20487 20540 2
train/P01/P01_09 177072 177278 2
test/P01/P01_14 80237 80327 2
train/P01/P01_03 5699 5835 2
train/P01/P01_09 93158 93218 2
train/P01/P01_16 9224 9314 2
train/P01/P01_09 88273 88316 2
train/P01/P01_09 100129 100174 2
train/P01/P01_01 22754 22871 2
train/P01/P01_09 175603 175648 2
test/P01/P01_15 38889 38948 2
train/P01/P01_05 73688 73853 2
train/P01/P01_01 1497 1571 2
train/P01/P01_05 56923 57138 2
train/P01/P01_16 3651 3735 2
train/P01/P01_05 38976 39039 2
train/P01/P01_09 49522 49573 2
test/P01/P01_11 26734 26877 2
train/P01/P01_05 9984 10029 2
train/P01/P01_16 5667 5708 2
test/P01/P01_14 8973 9003 2
train/P01/P01_05 33875 34021 2
test/P01/P01_11 25088 25188 2
train/P01/P01_04 4927 5107 2
train/P01/P01_17 28610 29030 2
train/P01/P01_09 104039 104102 2
test/P01/P01_11 30167 30628 2
train/P01/P01_01 28887 28931 2
test/P01/P01_15 2183 2292 2
train/P01/P01_03 695 786 2
test/P01/P01_14 1380 1993 2
train/P01/P01_01 29519 29563 2
train/P01/P01_03 4577 4622 2
train/P01/P01_09 173154 173195 2
test/P01/P01_14 44063 44132 2
test/P01/P01_11 4936 5060 2
train/P01/P01_05 58391 58451 2
train/P01/P01_05 19533 19587 2
test/P01/P01_14 25688 25778 2
test/P01/P01_14 40414 40493 2
train/P01/P01_17 8079 8145 2
train/P01/P01_01 86292 86348 2
train/P01/P01_05 8793 8904 2
train/P01/P01_19 28015 28115 2
test/P01/P01_14 23338 23445 2
test/P01/P01_14 5464 5537 2
train/P01/P01_09 60722 60767 2
train/P01/P01_09 174207 174466 2
train/P01/P01_05 17408 17480 2
train/P01/P01_18 41246 41283 2
train/P01/P01_02 515 555 2
train/P01/P01_01 3098 3179 2
train/P01/P01_18 105297 105407 2
train/P01/P01_05 11810 11867 2
train/P01/P01_06 3719 3869 2
train/P01/P01_19 423 478 2
train/P01/P01_09 3421 3488 2
test/P01/P01_14 24512 24587 2
train/P01/P01_17 3123 3227 2
train/P01/P01_09 79757 79837 2
test/P01/P01_12 3707 3785 2
train/P01/P01_18 26798 26858 2
test/P01/P01_11 30734 30839 2
train/P01/P01_17 42222 42362 2
train/P01/P01_01 74872 74984 2
test/P01/P01_14 51747 52047 2
train/P01/P01_05 6284 6356 2
test/P01/P01_14 8146 8181 2
train/P01/P01_06 343 425 2
train/P01/P01_09 2681 2764 2
test/P01/P01_15 3128 3191 2
test/P01/P01_14 18976 19024 2
test/P01/P01_14 12965 13086 2
test/P01/P01_14 33551 33635 2
train/P01/P01_05 7586 7669 2
train/P01/P01_05 32582 32687 2
test/P01/P01_14 42112 42178 2
train/P01/P01_05 7178 7305 2
test/P01/P01_14 79602 79742 2
train/P01/P01_07 4299 4499 2
train/P01/P01_09 66956 67012 2
train/P01/P01_17 740 845 2
train/P01/P01_09 175070 175121 2
train/P01/P01_09 201139 201274 2
test/P01/P01_12 9298 9403 2
train/P01/P01_03 2739 2861 2
train/P01/P01_01 1389 1456 2
train/P01/P01_01 62777 62903 2
test/P01/P01_14 6023 6139 2
train/P01/P01_18 668 739 2
train/P01/P01_05 1800 1865 2
train/P01/P01_05 28899 28988 2
train/P01/P01_17 2103 2190 2
test/P01/P01_14 14041 14094 3
train/P01/P01_17 48466 48551 3
train/P01/P01_03 5263 5366 3
test/P01/P01_12 4049 4124 3
train/P01/P01_17 36562 36616 3
train/P01/P01_01 29747 29818 3
train/P01/P01_17 30305 30425 3
train/P01/P01_08 5511 5564 3
train/P01/P01_18 105499 105549 3
train/P01/P01_05 27684 27744 3
train/P01/P01_02 28106 28258 3
train/P01/P01_17 3640 3700 3
test/P01/P01_11 23140 23180 3
train/P01/P01_18 8509 8554 3
test/P01/P01_11 6935 6998 3
train/P01/P01_09 48678 48752 3
train/P01/P01_09 213762 213858 3
train/P01/P01_01 16113 16153 3
train/P01/P01_09 12386 12513 3
train/P01/P01_16 9386 9446 3
train/P01/P01_07 4859 5018 3
train/P01/P01_01 6098 6143 3
train/P01/P01_05 11953 11988 3
train/P01/P01_09 173229 173276 3
train/P01/P01_09 177541 177736 3
train/P01/P01_09 146848 146908 3
train/P01/P01_02 29678 29828 3
train/P01/P01_07 5345 5414 3
test/P01/P01_12 5446 5522 3
train/P01/P01_19 28298 28376 3
test/P01/P01_13 4262 4302 3
train/P01/P01_09 88456 88510 3
train/P01/P01_09 80303 80455 3
train/P01/P01_09 67829 67982 3
train/P01/P01_16 4643 4701 3
train/P01/P01_05 10839 10884 3
test/P01/P01_15 4211 4272 3
train/P01/P01_07 7967 8051 3
train/P01/P01_17 43566 43776 3
test/P01/P01_14 5556 5613 3
train/P01/P01_16 5994 6087 3
train/P01/P01_03 4327 4406 3
train/P01/P01_09 1976 2066 3
train/P01/P01_03 3891 3987 3
train/P01/P01_18 72562 72599 3
train/P01/P01_05 8669 8778 3
train/P01/P01_10 1736 1911 3
train/P01/P01_01 21783 21848 3
train/P01/P01_07 5345 5421 3
test/P01/P01_14 79248 79373 3
train/P01/P01_09 166611 166772 3
train/P01/P01_05 8524 8663 3
train/P01/P01_06 732 776 3
train/P01/P01_09 129610 129672 3
train/P01/P01_09 61044 61075 3
train/P01/P01_18 59297 59393 3
test/P01/P01_12 4024 4057 3
train/P01/P01_01 64740 65013 3
train/P01/P01_18 72048 72093 3
train/P01/P01_01 57101 57181 3
test/P01/P01_15 38702 38734 3
train/P01/P01_16 8612 8915 3
train/P01/P01_09 179711 180116 3
train/P01/P01_17 67728 67773 3
train/P01/P01_09 70466 70548 3
test/P01/P01_13 456 605 3
test/P01/P01_14 50164 50231 3
test/P01/P01_12 7757 7893 3
test/P01/P01_12 6482 6551 3
train/P01/P01_09 201331 201391 3
test/P01/P01_12 1635 1677 3
train/P01/P01_09 108045 108143 3
train/P01/P01_09 106131 106183 3
train/P01/P01_17 42564 42644 3
test/P01/P01_14 80071 80150 3
train/P01/P01_05 978 1191 3
train/P01/P01_02 1101 1146 3
train/P01/P01_03 194 351 3
test/P01/P01_14 2821 2918 3
train/P01/P01_05 8529 8628 3
train/P01/P01_18 41323 41384 3
test/P01/P01_14 7110 7164 3
train/P01/P01_17 1007 1080 3
test/P01/P01_15 2316 2362 3
test/P01/P01_14 57208 57291 3
train/P01/P01_03 1179 1350 3
test/P01/P01_11 33343 33493 3
train/P01/P01_01 2864 2924 3
train/P01/P01_05 9411 9497 3
train/P01/P01_18 64191 64244 3
train/P01/P01_17 509 644 3
train/P01/P01_08 1356 1419 3
train/P01/P01_16 7734 7857 3
train/P01/P01_17 24929 25034 3
test/P01/P01_15 4580 4683 3
train/P01/P01_09 153799 153843 3
train/P01/P01_09 164282 164439 3
test/P01/P01_14 78918 78956 3
train/P01/P01_01 98097 98166 3
test/P01/P01_14 40654 40701 3
test/P01/P01_15 850 921 3
train/P01/P01_01 23127 23301 3
train/P01/P01_09 100307 100351 3
train/P01/P01_07 200 293 3
train/P01/P01_17 38688 38785 3
train/P01/P01_18 89462 89537 3
train/P01/P01_04 4283 4323 3
train/P01/P01_18 22595 22626 3
train/P01/P01_16 155 334 3
train/P01/P01_07 3836 3886 3
train/P01/P01_09 206222 206348 3
train/P01/P01_09 82741 82771 3
train/P01/P01_18 8560 8709 3
train/P01/P01_09 87379 87518 3
train/P01/P01_18 151373 151404 3
train/P01/P01_17 39526 39621 3
train/P01/P01_17 3772 3892 3
train/P01/P01_18 89033 89097 3
train/P01/P01_01 59017 59139 3
train/P01/P01_09 50450 50546 3
train/P01/P01_18 62807 62859 3
test/P01/P01_15 13885 13915 3
train/P01/P01_01 32955 33000 3
train/P01/P01_09 104325 104377 3
test/P01/P01_14 21426 21537 3
test/P01/P01_14 52181 52226 3
train/P01/P01_05 58362 58400 3
train/P01/P01_01 18900 18955 3
train/P01/P01_01 4930 4990 3
train/P01/P01_02 25468 25548 3
test/P01/P01_13 941 1005 3
test/P01/P01_14 80420 80496 3
train/P01/P01_04 851 1031 3
train/P01/P01_09 123803 123929 3
train/P01/P01_18 85571 85609 3
train/P01/P01_19 509 545 3
train/P01/P01_09 152853 152913 3
test/P01/P01_11 32091 32270 3
train/P01/P01_05 75355 75522 3
train/P01/P01_09 10490 10693 3
train/P01/P01_09 69996 70050 3
train/P01/P01_05 8386 8506 3
train/P01/P01_09 129746 129795 3
test/P01/P01_14 5825 5881 3
train/P01/P01_09 4011 4052 3
train/P01/P01_09 49688 49727 3
test/P01/P01_11 25243 26309 3
train/P01/P01_18 57851 57926 3
train/P01/P01_19 27281 27801 3
train/P01/P01_18 3871 3901 3
train/P01/P01_05 32761 32812 3
test/P01/P01_11 3177 3218 3
train/P01/P01_09 175236 175283 3
train/P01/P01_09 199827 199865 3
test/P01/P01_15 23742 23772 3
train/P01/P01_18 9053 9109 3
train/P01/P01_01 26489 26534 3
train/P01/P01_02 22787 22916 3
test/P01/P01_14 10790 10837 3
train/P01/P01_18 23648 23697 3
test/P01/P01_14 29957 30045 3
test/P01/P01_14 44675 44720 3
test/P01/P01_14 12109 12289 3
test/P01/P01_14 22875 22937 3
test/P01/P01_14 41010 41093 3
train/P01/P01_01 3365 3395 3
train/P01/P01_09 86658 86747 3
train/P01/P01_09 202517 202560 3
train/P01/P01_17 47514 47814 3
train/P01/P01_09 165088 165184 3
train/P01/P01_16 8783 8933 3
train/P01/P01_05 73567 73629 3
train/P01/P01_18 2838 2909 3
train/P01/P01_01 45893 45944 3
test/P01/P01_14 23570 23613 3
test/P01/P01_14 8187 8217 3
train/P01/P01_01 42787 42982 3
train/P01/P01_08 782 894 3
train/P01/P01_18 63495 63548 3
train/P01/P01_17 64653 64697 3
train/P01/P01_03 4766 4826 3
test/P01/P01_14 43634 43680 3
train/P01/P01_09 12010 12040 3
train/P01/P01_01 93005 93246 3
train/P01/P01_05 39030 39105 3
test/P01/P01_14 12217 12300 3
train/P01/P01_17 44595 44874 3
test/P01/P01_14 78134 78176 3
train/P01/P01_01 60459 60566 3
train/P01/P01_07 3447 3526 0
test/P01/P01_15 5055 5142 0
test/P01/P01_15 36299 36345 0
test/P01/P01_14 57557 57616 0
train/P01/P01_05 18114 18482 0
train/P01/P01_05 57414 57513 0
test/P01/P01_15 8801 8842 0
train/P01/P01_05 41701 41802 0
test/P01/P01_14 43502 43639 0
train/P01/P01_01 39284 39344 0
train/P01/P01_09 3614 3746 0
train/P01/P01_17 51093 51142 0
train/P01/P01_10 2961 3032 0
train/P01/P01_09 152352 152579 0
train/P01/P01_01 51959 52035 0
test/P01/P01_11 8659 8715 0
test/P01/P01_15 285 330 0
test/P01/P01_11 14588 14632 0
train/P01/P01_18 43271 43314 0
test/P01/P01_11 18276 18308 0
train/P01/P01_18 215173 215326 0
train/P01/P01_05 2759 2870 0
train/P01/P01_18 121053 121106 0
train/P01/P01_01 23039 23084 0
test/P01/P01_11 3232 3279 0
train/P01/P01_06 14666 14889 0
train/P01/P01_17 52567 52628 0
train/P01/P01_09 120959 121092 0
train/P01/P01_09 174105 174146 0
train/P01/P01_17 24154 24198 0
test/P01/P01_11 13914 13974 0
test/P01/P01_15 22709 22746 0
train/P01/P01_09 212076 212585 0
train/P01/P01_09 162322 162382 0
train/P01/P01_09 41311 41369 0
test/P01/P01_13 35 104 0
train/P01/P01_09 11713 11771 0
train/P01/P01_02 28385 28530 0
train/P01/P01_18 39716 39769 0
train/P01/P01_07 6207 6277 0
train/P01/P01_09 165039 165087 0
train/P01/P01_18 61518 61811 0
train/P01/P01_18 193776 193827 0
test/P01/P01_15 14400 14439 0
train/P01/P01_09 197429 197474 0
train/P01/P01_09 200611 200671 0
train/P01/P01_05 30626 30680 0
test/P01/P01_15 16086 16131 0
train/P01/P01_19 1984 2044 0
train/P01/P01_09 123062 123365 0
train/P01/P01_09 19135 19185 0
test/P01/P01_14 10477 10634 0
train/P01/P01_17 43944 43994 0
train/P01/P01_06 10308 10499 0
test/P01/P01_15 21043 21088 0
train/P01/P01_16 4581 4642 0
train/P01/P01_07 789 885 0
train/P01/P01_18 124696 124756 0
train/P01/P01_16 1028 1109 0
train/P01/P01_09 2177 2237 0
train/P01/P01_16 911 986 0
train/P01/P01_09 3251 3312 0
train/P01/P01_02 1440 1514 0
train/P01/P01_17 43069 43133 0
train/P01/P01_01 76842 76891 0
test/P01/P01_15 41358 41443 0
test/P01/P01_11 23777 23840 0
train/P01/P01_16 9320 9380 0
test/P01/P01_15 9845 9905 0
train/P01/P01_01 52174 52260 0
train/P01/P01_17 54311 54361 0
train/P01/P01_17 35964 36008 0
train/P01/P01_18 2954 2999 0
train/P01/P01_18 134676 134766 0
train/P01/P01_09 61174 61256 0
train/P01/P01_19 16862 16893 0
test/P01/P01_12 2283 2496 0
train/P01/P01_17 54861 54975 0
train/P01/P01_18 130598 130687 0
train/P01/P01_08 1799 1854 0
train/P01/P01_19 27228 27275 0
test/P01/P01_14 7582 7647 0
test/P01/P01_15 4745 4794 0
test/P01/P01_11 15550 15605 0
train/P01/P01_07 7833 7960 0
test/P01/P01_14 22804 22887 0
test/P01/P01_15 7800 7884 0
test/P01/P01_15 29988 30028 0
test/P01/P01_11 7579 7624 0
train/P01/P01_18 43515 43558 0
train/P01/P01_18 121498 121546 0
test/P01/P01_15 28076 28135 0
test/P01/P01_14 40333 40397 0
test/P01/P01_15 1827 1990 0
train/P01/P01_05 11205 11267 0
train/P01/P01_09 44944 44984 0
test/P01/P01_14 49834 49893 0
train/P01/P01_09 118730 118763 0
train/P01/P01_02 13821 13869 0
train/P01/P01_16 3254 3350 0
train/P01/P01_01 1090 1267 0
train/P01/P01_09 120558 120728 0
test/P01/P01_15 3549 3631 0
train/P01/P01_18 211959 212014 0
train/P01/P01_06 9616 9695 0
train/P01/P01_03 4699 4760 0
test/P01/P01_14 69178 69234 0
test/P01/P01_14 7360 7450 0
train/P01/P01_19 26788 26859 0
test/P01/P01_12 4134 4188 0
train/P01/P01_17 11726 11762 0
train/P01/P01_18 154271 154331 0
train/P01/P01_01 49343 49509 0
train/P01/P01_02 3018 3067 0
train/P01/P01_09 158585 158694 0
train/P01/P01_19 14220 14265 0
train/P01/P01_19 12196 12247 0
train/P01/P01_07 5058 5110 0
train/P01/P01_09 7083 7232 0
test/P01/P01_14 3788 3882 0
test/P01/P01_14 12447 12488 0
train/P01/P01_05 33730 33800 0
train/P01/P01_01 55716 55796 0
train/P01/P01_18 46587 46666 0
train/P01/P01_17 17955 18005 0
train/P01/P01_09 47083 47132 0
train/P01/P01_09 122738 122800 0
train/P01/P01_09 128329 128374 0
train/P01/P01_09 164571 164669 0
train/P01/P01_09 89742 89787 0
test/P01/P01_15 312 398 0
test/P01/P01_14 66899 66945 0
train/P01/P01_09 121793 121873 0
test/P01/P01_14 63765 63855 0
train/P01/P01_18 147689 147739 0
test/P01/P01_15 32216 32289 0
train/P01/P01_06 20642 20699 0
test/P01/P01_15 31462 31639 0
test/P01/P01_14 80610 80721 0
train/P01/P01_02 18030 18075 0
train/P01/P01_09 169406 169520 0
train/P01/P01_09 120197 120459 0
train/P01/P01_18 103966 104018 0
train/P01/P01_04 4786 4921 0
train/P01/P01_03 1111 1154 0
train/P01/P01_05 6590 6650 0
train/P01/P01_17 44901 44945 0
train/P01/P01_03 5113 5242 0
train/P01/P01_18 64945 65001 0
test/P01/P01_13 1076 1130 0
train/P01/P01_01 43074 43127 0
train/P01/P01_05 47365 47411 0
train/P01/P01_09 104290 104344 0
train/P01/P01_19 3259 3305 0
train/P01/P01_01 23430 23475 0
test/P01/P01_15 12269 12474 0
test/P01/P01_15 21765 21800 0
train/P01/P01_05 38756 38876 0
train/P01/P01_02 17727 17772 0
test/P01/P01_15 4377 4431 0
test/P01/P01_15 2432 2519 0
train/P01/P01_09 207182 207321 0
test/P01/P01_13 2118 2180 0
train/P01/P01_09 135365 135425 0
test/P01/P01_14 33428 33485 0
train/P01/P01_01 64448 64575 0
train/P01/P01_09 184827 184881 0
train/P01/P01_09 180769 180844 0
train/P01/P01_09 80727 80780 0
train/P01/P01_18 155369 155429 0
train/P01/P01_17 0 107 0
train/P01/P01_18 64335 64397 0
train/P01/P01_18 204525 204585 0
train/P01/P01_02 2077 2141 0
train/P01/P01_05 17306 17348 0
test/P01/P01_15 8165 8244 0
test/P01/P01_12 9067 9247 0
train/P01/P01_04 1543 1839 0
train/P01/P01_04 5121 5166 0
test/P01/P01_14 73144 73324 0
train/P01/P01_17 60726 60765 0
train/P01/P01_03 890 939 0
train/P01/P01_17 35398 35469 0
train/P01/P01_10 426 536 0
test/P01/P01_12 406 629 0
train/P01/P01_05 17629 17676 0
train/P01/P01_18 75570 75608 0
test/P01/P01_14 55815 55886 0
train/P01/P01_18 144704 144758 0
train/P01/P01_05 70049 70122 0
train/P01/P01_17 25040 25085 0
train/P01/P01_18 104720 104852 0
train/P01/P01_18 8958 9054 0
test/P01/P01_14 9181 9305 0
train/P01/P01_06 6510 6582 0
train/P01/P01_01 30556 30691 0
train/P01/P01_16 678 873 0
train/P01/P01_18 187145 187205 0
test/P01/P01_15 20160 20239 0
test/P01/P01_11 4346 4443 0
train/P01/P01_18 122480 122548 0
train/P01/P01_03 813 872 0
train/P01/P01_01 85768 85813 0
train/P01/P01_05 22467 22679 0
test/P01/P01_15 29748 29807 0
train/P01/P01_19 12542 12583 0
train/P01/P01_01 31071 31146 0
train/P01/P01_18 174967 175012 0
train/P01/P01_01 33666 33738 0
test/P01/P01_14 53646 53764 0
test/P01/P01_15 21753 21811 0
test/P01/P01_14 33273 33335 0
test/P01/P01_14 54972 55040 0
train/P01/P01_19 1636 1696 0
test/P01/P01_15 15723 15811 0
train/P01/P01_06 3323 3372 0
train/P01/P01_01 29112 29231 0
test/P01/P01_15 1267 1371 0
test/P01/P01_15 8408 8545 0
train/P01/P01_17 49637 49701 0
train/P01/P01_06 21653 21707 0
train/P01/P01_18 151705 151757 0
test/P01/P01_11 5760 5818 0
train/P01/P01_08 41 144 0
train/P01/P01_05 9892 9955 0
train/P01/P01_18 202502 202562 0
train/P01/P01_19 14789 14840 0
train/P01/P01_16 8698 8819 0
test/P01/P01_15 38842 38883 0
test/P01/P01_14 23279 23343 0
train/P01/P01_17 57530 57605 0
test/P01/P01_14 72835 72895 0
test/P01/P01_14 66951 67003 0
test/P01/P01_14 49600 49793 0
train/P01/P01_01 28784 28851 0
test/P01/P01_15 37761 37938 0
test/P01/P01_14 11731 11851 0
train/P01/P01_18 191754 191811 0
train/P01/P01_18 74181 74541 0
test/P01/P01_15 1134 1211 0
train/P01/P01_04 368 405 0
test/P01/P01_11 27945 28020 0
test/P01/P01_11 32046 32147 0
test/P01/P01_15 17852 17925 0
train/P01/P01_02 2504 2556 0
train/P01/P01_06 4209 4242 0
train/P01/P01_18 913 963 0
train/P01/P01_09 135474 135691 0
test/P01/P01_11 6891 6934 0
train/P01/P01_17 50171 50219 0
train/P01/P01_18 140914 140983 0
train/P01/P01_17 5655 5792 0
train/P01/P01_06 11697 11769 0
train/P01/P01_17 39107 39173 0
test/P01/P01_15 9290 9350 0
train/P01/P01_09 49571 49682 0
train/P01/P01_18 63134 63246 0
train/P01/P01_18 42645 42769 0
train/P01/P01_19 12742 12795 0
test/P01/P01_11 10079 10133 0
train/P01/P01_05 58607 58637 0
train/P01/P01_09 162458 162516 0
train/P01/P01_05 74654 74698 0
train/P01/P01_09 60534 60614 0
test/P01/P01_14 8796 8892 0
train/P01/P01_18 24018 24098 0
test/P01/P01_11 16028 16116 0
test/P01/P01_14 151 273 0
train/P01/P01_17 28208 28323 0
train/P01/P01_18 98401 98460 0
train/P01/P01_01 50441 50497 0
train/P01/P01_02 19997 20042 0
test/P01/P01_14 510 555 0
train/P01/P01_09 119444 119553 0
test/P01/P01_12 4956 5072 0
test/P01/P01_14 44144 44654 0
train/P01/P01_18 64599 64665 0
train/P01/P01_09 141136 141180 0
train/P01/P01_17 15001 15049 0
train/P01/P01_17 10698 10748 0
train/P01/P01_06 1059 1200 0
train/P01/P01_16 6336 6398 0
test/P01/P01_15 21335 21420 0
test/P01/P01_14 53077 53175 0
train/P01/P01_08 4941 4979 0
train/P01/P01_09 138179 138218 0
train/P01/P01_01 94752 94808 0
test/P01/P01_14 63548 63596 0
test/P01/P01_11 4858 4944 0
train/P01/P01_19 1136 1181 0
train/P01/P01_09 145897 145957 0
train/P01/P01_09 69367 69466 0
train/P01/P01_09 175422 175473 0
test/P01/P01_15 22912 22942 0
train/P01/P01_04 2480 2526 0
train/P01/P01_17 2948 3048 0
train/P01/P01_16 6993 7037 0
train/P01/P01_02 10248 10286 0
train/P01/P01_02 26756 26838 0
train/P01/P01_01 38668 38718 0
train/P01/P01_17 8562 8848 0
train/P01/P01_19 5526 5628 0
train/P01/P01_17 52176 52230 0
train/P01/P01_16 7524 7634 0
train/P01/P01_18 113588 113647 0
train/P01/P01_17 23053 23097 0
test/P01/P01_15 21316 21366 0
train/P01/P01_17 11728 11782 0
train/P01/P01_07 5460 5511 0
train/P01/P01_17 4013 4060 0
train/P01/P01_09 135250 135325 0
test/P01/P01_12 6610 6699 0
train/P01/P01_09 83033 83094 0
train/P01/P01_09 173420 173583 0
train/P01/P01_10 1233 1580 0
train/P01/P01_09 181634 181664 0
train/P01/P01_01 57568 57629 0
test/P01/P01_15 23157 23195 0
test/P01/P01_11 7432 7492 0
train/P01/P01_17 2369 2423 0
train/P01/P01_09 19077 19152 0
train/P01/P01_19 843 904 0
train/P01/P01_07 995 1161 0
train/P01/P01_09 116150 116195 0
test/P01/P01_13 4210 4256 0
train/P01/P01_17 60495 60530 0
test/P01/P01_15 34668 34710 0
train/P01/P01_19 761 806 0
train/P01/P01_16 8033 8216 0
train/P01/P01_05 20460 20607 0
test/P01/P01_14 20862 21174 0
train/P01/P01_05 73625 73682 0
train/P01/P01_04 5 181 0
test/P01/P01_15 34326 34376 0
train/P01/P01_19 18122 18192 0
train/P01/P01_02 3852 3890 0
test/P01/P01_15 6349 6387 0
train/P01/P01_09 182778 182823 0
train/P01/P01_05 17810 17885 0
train/P01/P01_01 31270 31323 0
train/P01/P01_03 2284 2544 0
train/P01/P01_06 7422 7488 0
train/P01/P01_18 13440 13500 0
train/P01/P01_05 39206 39266 0
train/P01/P01_09 87833 87869 0
train/P01/P01_01 42230 42323 0
train/P01/P01_01 83566 83706 0
train/P01/P01_06 33 90 0
test/P01/P01_15 19416 19446 0
train/P01/P01_19 11812 11865 0
test/P01/P01_15 11199 11299 0
train/P01/P01_05 23979 24039 0
test/P01/P01_15 9876 9911 0
train/P01/P01_02 4925 4974 0
test/P01/P01_11 17193 17242 0
train/P01/P01_10 6986 7763 0
train/P01/P01_19 13580 13618 0
test/P01/P01_14 29540 29600 0
train/P01/P01_09 190968 191009 0
train/P01/P01_03 2880 2954 0
train/P01/P01_07 1707 1897 0
train/P01/P01_18 70739 70787 0
train/P01/P01_01 32521 32577 0
train/P01/P01_17 38636 38681 0
test/P01/P01_14 37266 37324 0
train/P01/P01_06 4916 4965 0
train/P01/P01_05 70199 70310 0
train/P01/P01_09 142585 142628 0
test/P01/P01_15 26048 26090 0
test/P01/P01_14 53728 53766 0
train/P01/P01_10 1980 2077 0
train/P01/P01_01 27003 27047 0
train/P01/P01_09 208226 209473 0
train/P01/P01_16 8313 8372 0
train/P01/P01_09 66852 66912 0
test/P01/P01_14 6614 6689 0
train/P01/P01_09 191857 191918 0
train/P01/P01_10 479 614 0
train/P01/P01_05 71665 71706 0
test/P01/P01_11 19641 19790 0
train/P01/P01_09 36017 36072 0
test/P01/P01_11 21434 21578 0
test/P01/P01_13 4392 4457 0
test/P01/P01_12 3611 3824 0
train/P01/P01_10 5927 6799 0
train/P01/P01_17 50623 50654 0
train/P01/P01_03 1640 1737 0
test/P01/P01_15 39119 39298 0
train/P01/P01_01 33723 33767 0
train/P01/P01_17 36790 36892 0
train/P01/P01_09 165300 165352 0
train/P01/P01_01 73535 73595 0
test/P01/P01_14 74487 74568 0
train/P01/P01_17 61923 61967 0
train/P01/P01_08 4978 5059 0
train/P01/P01_09 88625 88658 0
train/P01/P01_18 51938 51996 0
train/P01/P01_09 161788 161853 0
test/P01/P01_12 2881 3002 0
train/P01/P01_10 5696 5773 0
train/P01/P01_19 4139 4199 0
test/P01/P01_12 7650 7755 0
train/P01/P01_09 196195 196266 0
test/P01/P01_11 3509 3623 0
train/P01/P01_19 17919 17991 0
train/P01/P01_19 11433 11492 0
test/P01/P01_13 1284 1352 0
train/P01/P01_09 115219 115264 0
train/P01/P01_01 22039 22099 0
test/P01/P01_11 8312 8377 0
test/P01/P01_11 5386 5630 0
test/P01/P01_14 60542 60598 0
train/P01/P01_09 125120 125225 0
test/P01/P01_11 24220 24347 0
train/P01/P01_06 7082 7129 0
train/P01/P01_03 3101 3176 0
train/P01/P01_04 2238 2327 0
train/P01/P01_16 4756 4951 0
train/P01/P01_06 5655 5698 0
train/P01/P01_01 58224 58268 0
train/P01/P01_06 8594 8750 0
test/P01/P01_11 3330 3404 0
test/P01/P01_14 33756 33796 0
train/P01/P01_01 86630 86694 0
train/P01/P01_02 12024 12134 0
test/P01/P01_14 54224 54306 0
test/P01/P01_15 24527 24587 0
train/P01/P01_10 605 819 0
train/P01/P01_06 4428 4503 0
train/P01/P01_17 57282 57347 0
test/P01/P01_14 13980 14045 0
train/P01/P01_17 53095 53162 0
train/P01/P01_09 163201 163296 0
train/P01/P01_05 3377 3599 0
train/P01/P01_05 28234 28350 0
train/P01/P01_09 201545 201687 0
test/P01/P01_15 22075 22164 0
train/P01/P01_18 80136 80216 0
train/P01/P01_18 21181 21234 0
test/P01/P01_11 23291 23355 0
train/P01/P01_01 86227 86268 0
train/P01/P01_02 18555 18600 0
train/P01/P01_06 1720 1840 0
train/P01/P01_08 1580 1728 0
train/P01/P01_07 891 989 0
test/P01/P01_12 4274 4559 0
train/P01/P01_16 3038 3158 0
test/P01/P01_15 31923 31975 0
train/P01/P01_19 13154 13190 0
test/P01/P01_11 24630 24828 0
train/P01/P01_18 105987 106039 0
train/P01/P01_18 113622 113682 0
train/P01/P01_05 57141 57318 0
test/P01/P01_14 57861 57919 0
train/P01/P01_02 8310 8430 0
test/P01/P01_14 9615 9737 0
train/P01/P01_18 182461 182559 0
test/P01/P01_11 9312 9356 0
test/P01/P01_14 24446 24506 0
train/P01/P01_09 47186 47228 0
test/P01/P01_14 19358 19450 0
test/P01/P01_12 5559 5634 0
train/P01/P01_05 24890 25031 0
train/P01/P01_09 138015 138077 0
test/P01/P01_11 10827 10962 0
train/P01/P01_17 4674 4803 0
train/P01/P01_09 113991 114026 0
train/P01/P01_02 5386 5481 0
test/P01/P01_14 40588 40648 0
train/P01/P01_09 23753 23810 0
train/P01/P01_16 6113 6187 0
train/P01/P01_19 93 172 0
train/P01/P01_08 4295 4367 0
test/P01/P01_12 7065 7163 0
train/P01/P01_01 30140 30197 0
train/P01/P01_05 26350 26415 0
train/P01/P01_09 190333 190389 0
train/P01/P01_07 3783 3836 0
train/P01/P01_09 191595 191645 0
train/P01/P01_05 75750 75823 0
train/P01/P01_18 210536 210600 0
train/P01/P01_18 74559 74600 0
test/P01/P01_11 32276 32489 0
train/P01/P01_16 3296 3511 0
test/P01/P01_12 7448 7596 0
test/P01/P01_15 30845 30920 0
train/P01/P01_17 10047 10127 0
train/P01/P01_17 60453 60500 0
train/P01/P01_01 93331 93406 0
train/P01/P01_09 5002 5067 0
train/P01/P01_07 4167 4260 0
test/P01/P01_11 0 112 0
test/P01/P01_14 61919 62022 0
train/P01/P01_04 6028 6118 0
train/P01/P01_18 60851 60903 0
train/P01/P01_18 112278 112392 0
train/P01/P01_09 38894 38996 0
train/P01/P01_09 82600 82751 0
train/P01/P01_06 1956 2210 0
test/P01/P01_14 8526 8564 0
train/P01/P01_05 46899 47046 0
train/P01/P01_18 56024 56234 0
train/P01/P01_09 129680 129759 0
train/P01/P01_01 54315 54490 0
train/P01/P01_09 86769 86814 0
train/P01/P01_18 3648 3730 0
train/P01/P01_01 75838 75920 0
train/P01/P01_09 839 1083 0
test/P01/P01_11 177 826 0
train/P01/P01_01 16224 16328 0
train/P01/P01_07 4026 4150 0
test/P01/P01_14 55623 55735 0
test/P01/P01_12 1746 1918 0
train/P01/P01_18 60450 60497 0
train/P01/P01_18 175988 176057 0
test/P01/P01_15 20466 20563 0
train/P01/P01_02 10097 10159 0
train/P01/P01_18 74378 74424 0
train/P01/P01_17 4916 4980 0
train/P01/P01_01 989 1082 0
train/P01/P01_18 68709 68771 0
test/P01/P01_11 2948 3056 0
test/P01/P01_15 33114 33191 0
test/P01/P01_11 4037 4119 0
test/P01/P01_15 10606 10678 0
train/P01/P01_18 145064 145142 0
train/P01/P01_18 21816 21849 0
train/P01/P01_05 18791 18863 0
train/P01/P01_09 106440 106505 0
test/P01/P01_15 18443 18486 0
test/P01/P01_11 2568 2640 0
train/P01/P01_01 60595 60652 0
train/P01/P01_09 81507 81552 0
train/P01/P01_02 13100 13175 0
train/P01/P01_01 43140 43201 0
train/P01/P01_18 221304 221379 0
train/P01/P01_18 174374 174419 0
train/P01/P01_19 15665 15714 0
train/P01/P01_01 3209 3359 0
train/P01/P01_18 41084 41180 0
test/P01/P01_15 25686 25816 0
train/P01/P01_05 5151 5253 0
train/P01/P01_01 33666 33750 0
train/P01/P01_05 4640 4773 0
train/P01/P01_17 48841 48935 0
test/P01/P01_14 4518 4610 0
train/P01/P01_09 201681 201800 0
train/P01/P01_09 136384 136453 0
train/P01/P01_09 122245 122385 0
train/P01/P01_09 94581 94629 0
train/P01/P01_09 38417 38479 0
test/P01/P01_14 10839 10889 0
train/P01/P01_09 81170 81216 0
train/P01/P01_01 28147 28218 0
test/P01/P01_14 7244 7324 0
train/P01/P01_09 12123 12185 0
train/P01/P01_09 131986 132092 0
train/P01/P01_18 44060 44113 0
train/P01/P01_09 104631 104720 0
train/P01/P01_02 1721 1809 0
test/P01/P01_14 8020 8109 0
test/P01/P01_15 54805 54906 0
train/P01/P01_05 4881 4964 0
train/P01/P01_18 195013 195086 0
train/P01/P01_05 64953 65001 0
train/P01/P01_09 172292 172443 0
train/P01/P01_18 50744 50787 0
train/P01/P01_17 58964 59026 0
train/P01/P01_01 3212 3260 0
train/P01/P01_09 192002 192041 0
train/P01/P01_18 119857 120067 0
train/P01/P01_18 76935 77007 0
train/P01/P01_17 2900 2990 0
train/P01/P01_09 185758 185833 0
test/P01/P01_15 13604 13685 0
train/P01/P01_02 17403 17485 0
train/P01/P01_01 5550 5644 0
train/P01/P01_09 36380 36598 0
train/P01/P01_06 3653 3724 0
train/P01/P01_18 84653 84694 0
test/P01/P01_14 28497 28639 0
train/P01/P01_18 135509 135569 0
train/P01/P01_19 5035 5171 0
test/P01/P01_14 24608 24713 0
train/P01/P01_09 185241 185321 0
train/P01/P01_09 178664 179066 0
train/P01/P01_17 3455 3518 0
test/P01/P01_14 30893 31178 0
train/P01/P01_18 100336 100411 0
test/P01/P01_14 56612 56791 0
train/P01/P01_09 204338 204500 0
train/P01/P01_01 63099 63165 0
train/P01/P01_07 2350 2484 0
train/P01/P01_09 169784 169904 0
test/P01/P01_11 29525 30007 0
train/P01/P01_18 50463 50582 0
train/P01/P01_09 131630 131675 0
train/P01/P01_09 19274 19314 0
train/P01/P01_09 127498 127708 0
train/P01/P01_18 134354 134468 0
test/P01/P01_14 59559 59633 0
test/P01/P01_14 28628 28746 0
train/P01/P01_09 148955 149049 0
test/P01/P01_14 38037 38187 0
test/P01/P01_11 12615 12683 0
train/P01/P01_16 7863 8027 0
train/P01/P01_18 205035 205080 0
train/P01/P01_05 23799 24443 0
train/P01/P01_01 94521 94636 0
train/P01/P01_01 78269 78326 0
train/P01/P01_07 2653 2736 0
train/P01/P01_09 80087 80204 0
train/P01/P01_01 49613 49715 0
train/P01/P01_01 16775 16880 0
train/P01/P01_02 27321 27726 0
train/P01/P01_09 47284 47336 0
train/P01/P01_05 37785 38067 0
test/P01/P01_15 7412 7488 0
train/P01/P01_01 46171 46215 0
train/P01/P01_17 1116 1203 0
train/P01/P01_18 816 962 0
train/P01/P01_06 29255 29326 0
train/P01/P01_17 57711 57792 0
train/P01/P01_09 159914 160070 0
train/P01/P01_16 5505 5600 0
train/P01/P01_17 1397 1490 0
train/P01/P01_18 71276 71348 0
train/P01/P01_16 2783 2903 0
train/P01/P01_09 117693 117802 0
train/P01/P01_09 205125 205464 0
train/P01/P01_17 68048 68111 0
train/P01/P01_09 1473 1566 0
train/P01/P01_01 65185 65276 0
train/P01/P01_01 98256 98382 0
test/P01/P01_14 9794 9965 0
test/P01/P01_14 77239 77411 0
train/P01/P01_18 26973 27051 0
train/P01/P01_05 28989 29072 0
train/P01/P01_09 171486 171587 0
train/P01/P01_09 67133 67199 0
train/P01/P01_09 118058 118290 0
train/P01/P01_17 67853 67950 0
train/P01/P01_09 153738 153798 0
test/P01/P01_14 24750 24803 0
train/P01/P01_17 32268 32332 0
train/P01/P01_09 193415 193502 0
train/P01/P01_18 154353 154398 1
train/P01/P01_19 27128 27203 1
train/P01/P01_08 1943 2052 1
train/P01/P01_18 27354 27462 1
train/P01/P01_17 36486 36556 1
train/P01/P01_09 80688 80748 1
train/P01/P01_18 195316 195388 1
train/P01/P01_09 18858 18978 1
train/P01/P01_05 75525 75599 1
train/P01/P01_01 63991 64054 1
train/P01/P01_02 27948 28038 1
train/P01/P01_05 74490 74664 1
train/P01/P01_16 809 884 1
test/P01/P01_14 66263 66341 1
train/P01/P01_06 12408 12438 1
test/P01/P01_14 8368 8533 1
train/P01/P01_17 14933 14978 1
train/P01/P01_18 121025 121063 1
test/P01/P01_15 55333 55415 1
train/P01/P01_09 113777 113819 1
train/P01/P01_05 1650 1756 1
train/P01/P01_09 119702 119759 1
train/P01/P01_02 9138 9213 1
train/P01/P01_09 7533 7615 1
train/P01/P01_03 4275 4325 1
train/P01/P01_01 84779 84839 1
train/P01/P01_09 87524 87637 1
train/P01/P01_18 104510 104542 1
train/P01/P01_18 62735 62813 1
test/P01/P01_13 1176 1221 1
train/P01/P01_02 28619 28865 1
train/P01/P01_01 17660 17735 1
train/P01/P01_05 7301 7358 1
train/P01/P01_03 5540 5699 1
test/P01/P01_12 1089 1173 1
test/P01/P01_12 1488 1569 1
train/P01/P01_19 4069 4134 1
test/P01/P01_14 79939 79995 1
train/P01/P01_17 38008 38302 1
train/P01/P01_18 49427 49568 1
test/P01/P01_13 2340 2381 1
train/P01/P01_01 21644 21783 1
train/P01/P01_09 172805 172983 1
test/P01/P01_15 53084 53121 1
train/P01/P01_02 6644 6734 1
test/P01/P01_15 440 473 1
train/P01/P01_17 57677 57752 1
train/P01/P01_19 5499 5550 1
test/P01/P01_15 11145 11202 1
train/P01/P01_01 28926 28979 1
train/P01/P01_02 14738 14936 1
train/P01/P01_05 41818 42334 1
train/P01/P01_17 2406 2496 1
train/P01/P01_08 412 762 1
test/P01/P01_12 3753 3887 1
train/P01/P01_16 3136 3227 1
train/P01/P01_09 209514 209574 1
test/P01/P01_15 3170 3362 1
test/P01/P01_11 22906 22966 1
test/P01/P01_13 3092 3134 1
test/P01/P01_15 1546 1617 1
train/P01/P01_08 2792 2883 1
train/P01/P01_05 7735 8420 1
train/P01/P01_01 62412 62919 1
train/P01/P01_05 71337 71411 1
test/P01/P01_14 11316 11594 1
train/P01/P01_19 252 306 1
train/P01/P01_19 17468 17917 1
train/P01/P01_18 154855 154915 1
train/P01/P01_09 169481 169556 1
train/P01/P01_17 1916 1961 1
train/P01/P01_02 11973 12029 1
train/P01/P01_07 4525 4614 1
test/P01/P01_12 1269 1371 1
train/P01/P01_06 1265 1347 1
test/P01/P01_15 1373 1510 1
train/P01/P01_09 155707 155767 1
train/P01/P01_05 24828 24870 1
train/P01/P01_17 13417 13461 1
test/P01/P01_15 20056 20138 1
train/P01/P01_18 3542 3573 1
train/P01/P01_01 54249 54309 1
train/P01/P01_17 11328 11375 1
train/P01/P01_09 64990 65042 1
test/P01/P01_15 24719 24779 1
test/P01/P01_15 10160 10205 1
train/P01/P01_01 38979 39045 1
train/P01/P01_10 7769 7917 1
train/P01/P01_17 4456 4516 1
test/P01/P01_14 22359 22416 1
test/P01/P01_15 31853 31918 1
test/P01/P01_14 3356 3455 1
train/P01/P01_06 17133 17236 1
train/P01/P01_06 4389 4429 1
test/P01/P01_15 20428 20459 1
train/P01/P01_17 37619 38002 1
train/P01/P01_18 212246 212287 1
train/P01/P01_08 5805 5897 1
test/P01/P01_11 3749 3842 1
train/P01/P01_01 85701 85750 1
test/P01/P01_14 60516 60566 1
test/P01/P01_13 5428 5542 1
test/P01/P01_14 72725 72770 1
train/P01/P01_18 119826 119883 1
test/P01/P01_15 27132 27173 1
train/P01/P01_08 1735 1793 1
train/P01/P01_19 17150 17251 1
train/P01/P01_02 2969 3000 1
test/P01/P01_12 1377 1488 1
train/P01/P01_18 72118 72176 1
test/P01/P01_14 57750 57811 1
test/P01/P01_11 11510 11554 1
test/P01/P01_15 32141 32196 1
train/P01/P01_09 112821 112879 1
test/P01/P01_14 44814 45411 1
train/P01/P01_05 17471 17517 1
train/P01/P01_06 4145 4206 1
train/P01/P01_10 585 630 1
train/P01/P01_19 1049 1109 1
train/P01/P01_18 21753 21791 1
test/P01/P01_14 53657 53702 1
train/P01/P01_19 14115 14209 1
train/P01/P01_09 120443 120507 1
test/P01/P01_15 6295 6347 1
train/P01/P01_05 17280 17315 1
train/P01/P01_18 153104 153168 1
test/P01/P01_11 6234 6295 1
test/P01/P01_14 56294 56341 1
test/P01/P01_14 24728 24771 1
test/P01/P01_11 860 924 1
train/P01/P01_18 64499 64559 1
train/P01/P01_16 2300 2420 1
train/P01/P01_05 11473 11529 1
train/P01/P01_02 26686 26756 1
train/P01/P01_09 172118 172264 1
train/P01/P01_09 70129 70175 1
train/P01/P01_18 43225 43265 1
train/P01/P01_01 23090 23133 1
train/P01/P01_09 81530 81594 1
train/P01/P01_17 10103 10151 1
train/P01/P01_07 8136 8195 1
train/P01/P01_05 58092 58235 1
train/P01/P01_09 37505 37629 1
train/P01/P01_03 1494 1551 1
train/P01/P01_18 1194 1233 1
test/P01/P01_12 1179 1263 1
test/P01/P01_15 8370 8414 1
train/P01/P01_05 15882 16100 1
train/P01/P01_17 46721 46792 1
train/P01/P01_19 15270 15375 1
test/P01/P01_15 35075 35141 1
test/P01/P01_15 22678 22708 1
train/P01/P01_17 5253 5283 1
train/P01/P01_17 44880 44933 1
test/P01/P01_14 49557 49604 1
train/P01/P01_06 3566 3664 1
train/P01/P01_17 47940 47970 1
test/P01/P01_12 8771 8831 1
train/P01/P01_09 34326 34388 1
train/P01/P01_01 3282 3343 1
train/P01/P01_17 51030 51087 1
train/P01/P01_09 195099 195138 1
test/P01/P01_15 21280 21323 1
train/P01/P01_17 49335 49388 1
test/P01/P01_15 21877 21917 1
train/P01/P01_05 31383 31446 1
test/P01/P01_14 72930 72979 1
test/P01/P01_13 789 919 1
test/P01/P01_15 7333 7434 1
train/P01/P01_18 93203 93243 1
train/P01/P01_09 19209 19263 1
train/P01/P01_09 109823 109875 1
train/P01/P01_10 795 984 1
train/P01/P01_17 57233 57288 1
train/P01/P01_09 119358 119416 1
train/P01/P01_06 4859 4935 1
train/P01/P01_09 158679 158733 1
train/P01/P01_18 74735 75065 1
train/P01/P01_09 104477 104564 1
test/P01/P01_14 10572 10647 1
test/P01/P01_15 21272 21321 1
train/P01/P01_18 50333 50420 1
test/P01/P01_15 34140 34263 1
test/P01/P01_15 29950 29997 1
test/P01/P01_15 16766 17006 1
train/P01/P01_09 3083 3127 1
train/P01/P01_01 65019 65072 1
train/P01/P01_09 47975 48027 1
test/P01/P01_15 15562 15682 1
train/P01/P01_18 145022 145070 1
test/P01/P01_11 14537 14595 1
test/P01/P01_14 33369 33427 1
train/P01/P01_19 1943 1986 1
test/P01/P01_14 23231 23280 1
train/P01/P01_19 12496 12557 1
train/P01/P01_09 3964 4024 1
train/P01/P01_17 68355 68420 1
train/P01/P01_19 11259 11407 1
test/P01/P01_14 80802 80860 1
test/P01/P01_14 42066 42097 1
train/P01/P01_18 3053 3101 1
test/P01/P01_12 2502 2758 1
train/P01/P01_19 12145 12220 1
train/P01/P01_09 42854 42896 1
train/P01/P01_19 5769 5817 1
train/P01/P01_01 59829 60474 1
test/P01/P01_15 22522 22570 1
test/P01/P01_15 1622 1776 1
test/P01/P01_14 53792 53888 1
test/P01/P01_13 4355 4431 1
test/P01/P01_12 5256 5415 1
test/P01/P01_15 21993 22026 1
test/P01/P01_14 8903 8946 1
train/P01/P01_17 66687 66734 1
train/P01/P01_06 11592 11654 1
train/P01/P01_18 157376 157458 1
train/P01/P01_17 60677 60720 1
test/P01/P01_15 29628 29684 1
test/P01/P01_15 52398 52455 1
train/P01/P01_09 100372 100417 1
test/P01/P01_15 26478 26545 1
test/P01/P01_15 8117 8175 1
test/P01/P01_14 45288 45423 1
train/P01/P01_02 9802 9836 1
train/P01/P01_16 4373 4414 1
train/P01/P01_01 6043 6134 1
train/P01/P01_07 2050 2261 1
train/P01/P01_01 32843 32939 1
test/P01/P01_14 21543 21636 1
train/P01/P01_05 2417 2492 1
test/P01/P01_14 21234 21429 1
train/P01/P01_01 78687 78840 1
train/P01/P01_02 10377 10421 1
train/P01/P01_06 1823 1886 1
train/P01/P01_09 155120 155201 1
test/P01/P01_15 37698 37732 1
train/P01/P01_09 181006 181057 1
train/P01/P01_18 145422 145452 1
test/P01/P01_11 6770 6834 1
train/P01/P01_18 103705 103755 1
train/P01/P01_01 31159 31214 1
train/P01/P01_19 9116 9146 1
train/P01/P01_18 72664 72717 1
train/P01/P01_01 50347 50425 1
train/P01/P01_16 4205 4264 1
test/P01/P01_11 26377 26699 1
train/P01/P01_09 67655 67719 1
train/P01/P01_05 29400 29445 1
train/P01/P01_18 133420 133472 1
train/P01/P01_17 9625 9675 1
train/P01/P01_02 13598 13685 1
test/P01/P01_15 19722 19769 1
train/P01/P01_01 29977 30035 1
train/P01/P01_07 5642 5804 1
test/P01/P01_15 30749 30839 1
train/P01/P01_02 5283 5382 1
train/P01/P01_06 5504 5648 1
test/P01/P01_14 40218 40279 1
train/P01/P01_07 3916 3977 1
test/P01/P01_11 92 146 1
train/P01/P01_02 1259 1352 1
test/P01/P01_14 29392 29455 1
test/P01/P01_15 36177 36293 1
test/P01/P01_15 4146 4223 1
train/P01/P01_18 8458 8514 1
train/P01/P01_06 9581 9625 1
test/P01/P01_14 6305 6399 1
train/P01/P01_01 41943 42113 1
test/P01/P01_14 9957 9987 1
test/P01/P01_15 9261 9300 1
test/P01/P01_14 61763 61923 1
train/P01/P01_09 135431 135476 1
train/P01/P01_03 3044 3095 1
test/P01/P01_12 6947 7022 1
train/P01/P01_18 42471 42540 1
train/P01/P01_02 29591 29651 1
train/P01/P01_05 1338 1457 1
train/P01/P01_09 41446 41507 1
test/P01/P01_14 47391 47442 1
train/P01/P01_09 4433 4513 1
test/P01/P01_11 1962 2031 1
train/P01/P01_18 94252 94310 1
train/P01/P01_07 2552 2611 1
train/P01/P01_10 8086 8259 1
train/P01/P01_06 10257 10335 1
test/P01/P01_14 6670 6708 1
test/P01/P01_11 12359 12413 1
test/P01/P01_12 7960 8015 1
train/P01/P01_06 7330 7396 1
test/P01/P01_15 42041 42088 1
train/P01/P01_17 12938 12993 1
test/P01/P01_15 20714 20761 1
train/P01/P01_19 4809 4994 1
train/P01/P01_09 37136 37211 1
train/P01/P01_09 190235 190366 1
train/P01/P01_09 153596 153660 1
test/P01/P01_14 62749 62807 1
test/P01/P01_14 33080 33110 1
test/P01/P01_11 24390 24577 1
test/P01/P01_14 5786 5819 1
train/P01/P01_09 138109 138147 1
test/P01/P01_14 77202 77285 1
train/P01/P01_09 60206 60254 1
train/P01/P01_19 7296 7350 1
train/P01/P01_17 50565 50604 1
train/P01/P01_17 4069 4325 1
train/P01/P01_09 207334 207386 1
train/P01/P01_05 6362 6411 1
train/P01/P01_01 57302 57411 1
train/P01/P01_19 24804 24846 1
test/P01/P01_12 7181 7236 1
train/P01/P01_09 181584 181650 1
train/P01/P01_19 16616 16646 1
train/P01/P01_09 124875 124935 1
train/P01/P01_09 172043 172090 1
train/P01/P01_09 92075 92129 1
train/P01/P01_05 47987 48032 1
test/P01/P01_14 80359 80414 1
train/P01/P01_16 3743 3793 1
train/P01/P01_01 93265 93310 1
train/P01/P01_18 66461 66522 1
train/P01/P01_08 3611 3728 1
test/P01/P01_11 15962 15992 1
train/P01/P01_09 65786 65826 1
train/P01/P01_09 87825 87855 1
train/P01/P01_17 5208 5375 1
train/P01/P01_09 162166 162324 1
test/P01/P01_14 18548 18600 1
train/P01/P01_04 171 305 1
train/P01/P01_18 106485 106653 1
train/P01/P01_10 1949 2009 1
train/P01/P01_02 13047 13104 1
train/P01/P01_17 11692 11727 1
train/P01/P01_09 45308 45345 1
train/P01/P01_05 68433 68514 1
train/P01/P01_01 20759 20859 1
train/P01/P01_17 24351 24486 1
train/P01/P01_05 6715 6749 1
train/P01/P01_19 3171 3290 1
train/P01/P01_09 146030 146084 1
train/P01/P01_17 56046 56202 1
test/P01/P01_15 30200 30230 1
train/P01/P01_03 4909 4955 1
test/P01/P01_15 22664 22694 1
train/P01/P01_02 3788 3846 1
train/P01/P01_09 166498 166589 1
train/P01/P01_06 1319 1405 1
test/P01/P01_14 24320 24403 1
test/P01/P01_15 7741 7807 1
train/P01/P01_17 22744 22818 1
train/P01/P01_05 1844 2009 1
test/P01/P01_11 6914 7064 1
train/P01/P01_16 2748 2813 1
train/P01/P01_17 51854 52160 1
train/P01/P01_05 71553 71614 1
train/P01/P01_17 37311 37385 1
train/P01/P01_18 43470 43517 1
train/P01/P01_16 4292 4348 1
train/P01/P01_09 37437 37490 1
test/P01/P01_14 23616 23672 1
train/P01/P01_01 62014 62072 1
test/P01/P01_14 22511 22581 1
test/P01/P01_13 273 455 1
train/P01/P01_09 124131 124221 1
train/P01/P01_09 137949 138009 1
train/P01/P01_09 142355 142389 1
train/P01/P01_05 24777 24848 1
train/P01/P01_06 18512 18693 1
train/P01/P01_09 146290 146350 1
test/P01/P01_14 24931 25029 1
test/P01/P01_14 43715 43796 1
train/P01/P01_17 68760 68845 1
train/P01/P01_17 37515 37593 1
train/P01/P01_09 120798 120836 1
train/P01/P01_03 1011 1077 1
train/P01/P01_17 3080 3125 1
test/P01/P01_12 1950 2196 1
train/P01/P01_06 19620 19703 1
train/P01/P01_17 39351 39416 1
train/P01/P01_17 24485 24536 1
train/P01/P01_16 6872 6911 1
test/P01/P01_14 10631 10716 1
train/P01/P01_09 121454 121514 1
test/P01/P01_11 5824 5884 1
train/P01/P01_18 194171 194291 1
test/P01/P01_14 4292 4361 1
train/P01/P01_09 158402 158451 1
test/P01/P01_15 29062 29117 1
test/P01/P01_11 9998 10103 1
train/P01/P01_17 36007 36057 1
train/P01/P01_09 124964 125114 1
train/P01/P01_04 5873 6020 1
test/P01/P01_11 9259 9306 1
train/P01/P01_17 57516 57585 1
train/P01/P01_17 42588 42633 1
train/P01/P01_16 6861 6932 1
train/P01/P01_09 7898 7976 1
train/P01/P01_18 124165 124225 1
train/P01/P01_06 6449 6504 1
test/P01/P01_15 1041 1129 1
train/P01/P01_17 27797 27869 1
train/P01/P01_08 4787 4838 1
train/P01/P01_06 8839 8930 1
train/P01/P01_17 10646 10707 1
test/P01/P01_14 5511 5579 1
train/P01/P01_19 25998 26045 1
train/P01/P01_10 6801 6980 1
test/P01/P01_14 37071 37127 1
test/P01/P01_14 46085 46130 1
train/P01/P01_10 5836 5923 1
test/P01/P01_15 48659 48741 1
train/P01/P01_19 1608 1646 1
test/P01/P01_14 41079 41138 1
train/P01/P01_09 12041 12081 1
train/P01/P01_04 620 845 1
train/P01/P01_17 20076 20141 1
train/P01/P01_07 7358 7428 1
train/P01/P01_19 14721 14784 1
train/P01/P01_09 181943 181982 1
train/P01/P01_18 144638 144698 1
train/P01/P01_10 1624 1683 1
train/P01/P01_09 66489 66520 1
train/P01/P01_18 147648 147706 1
train/P01/P01_16 3963 4001 1
train/P01/P01_07 1326 1689 1
test/P01/P01_15 17715 17850 1
train/P01/P01_16 1388 1523 1
test/P01/P01_11 19125 19224 1
train/P01/P01_09 67175 67230 1
train/P01/P01_09 49407 49471 1
train/P01/P01_02 17728 17817 1
train/P01/P01_01 42988 43068 1
train/P01/P01_09 47579 47639 1
test/P01/P01_14 20355 20564 1
train/P01/P01_18 200354 200429 1
test/P01/P01_11 18198 18274 1
train/P01/P01_17 37400 37511 1
test/P01/P01_14 80913 81050 1
train/P01/P01_17 60360 60466 1
train/P01/P01_18 111703 111793 1
train/P01/P01_03 6799 6878 1
test/P01/P01_15 14257 14302 1
train/P01/P01_17 42165 42210 1
test/P01/P01_15 25632 25676 1
train/P01/P01_09 185607 185646 1
test/P01/P01_12 1003 1082 1
test/P01/P01_11 12269 12335 1
test/P01/P01_15 35358 35560 1
train/P01/P01_09 67704 67848 1
train/P01/P01_07 4652 4852 1
train/P01/P01_16 4127 4184 1
train/P01/P01_07 3637 3786 1
test/P01/P01_14 5034 5085 1
train/P01/P01_01 5128 5188 1
train/P01/P01_09 187680 187737 1
train/P01/P01_06 17799 18026 1
train/P01/P01_16 5294 5340 1
train/P01/P01_07 5132 5335 1
test/P01/P01_11 4733 4826 1
test/P01/P01_15 14706 14769 1
train/P01/P01_08 1212 1350 1
train/P01/P01_06 21779 21822 1
train/P01/P01_18 36237 36423 1
train/P01/P01_02 8178 8274 1
train/P01/P01_05 7310 7355 1
test/P01/P01_14 11849 11902 1
test/P01/P01_14 28422 28494 1
train/P01/P01_09 82207 82267 1
train/P01/P01_05 28836 28893 1
train/P01/P01_05 35051 35189 1
test/P01/P01_11 3401 3461 1
train/P01/P01_08 5313 5422 1
train/P01/P01_18 44010 44055 1
train/P01/P01_05 12029 12082 1
test/P01/P01_12 4719 4865 1
train/P01/P01_17 35537 35570 1
train/P01/P01_17 851 1001 1
test/P01/P01_15 13529 13614 1
test/P01/P01_15 8744 8799 1
train/P01/P01_01 19094 19199 1
test/P01/P01_14 12464 12501 1
train/P01/P01_16 974 1023 1
test/P01/P01_14 25778 25842 1
train/P01/P01_17 37121 37213 1
train/P01/P01_17 52502 52562 1
train/P01/P01_18 70593 70640 1
train/P01/P01_02 17979 18026 1
test/P01/P01_15 23618 23663 1
test/P01/P01_15 22872 22907 1
train/P01/P01_04 1179 1361 1
train/P01/P01_05 2528 2678 1
test/P01/P01_11 33172 33322 1
train/P01/P01_18 65471 65501 1
test/P01/P01_14 309 392 1
test/P01/P01_15 31377 31447 1
train/P01/P01_01 45965 46005 1
test/P01/P01_11 15234 15264 1
test/P01/P01_14 58992 59085 1
train/P01/P01_01 92924 92990 1
train/P01/P01_19 13079 13124 1
train/P01/P01_09 114340 114887 1
test/P01/P01_15 20427 20462 1
test/P01/P01_14 12542 12630 1
train/P01/P01_04 5936 6035 1
train/P01/P01_17 37214 37305 1
train/P01/P01_16 8427 8606 1
train/P01/P01_18 51135 51272 1
train/P01/P01_18 121209 121257 1
train/P01/P01_16 4047 4093 1
train/P01/P01_01 29301 29346 1
train/P01/P01_18 183177 183215 1
test/P01/P01_11 30961 31872 1
train/P01/P01_18 120333 120402 1
train/P01/P01_01 94432 94478 1
train/P01/P01_18 50419 50457 1
train/P01/P01_07 2970 3356 1
train/P01/P01_17 30518 30563 1
train/P01/P01_05 31132 31196 1
train/P01/P01_02 18545 18669 1
test/P01/P01_14 38403 38493 1
train/P01/P01_18 80222 80262 1
train/P01/P01_18 174535 174611 1
train/P01/P01_02 4806 4919 1
train/P01/P01_01 76566 76655 1
test/P01/P01_14 57145 57208 1
train/P01/P01_18 111008 111051 1
train/P01/P01_01 86180 86220 1
train/P01/P01_19 11751 11806 1
train/P01/P01_17 32157 32244 1
train/P01/P01_02 27069 27204 1
train/P01/P01_09 68271 68384 1
test/P01/P01_14 35607 35703 1
train/P01/P01_09 21510 21569 1
train/P01/P01_18 21783 21828 1
train/P01/P01_18 38165 38204 1
train/P01/P01_09 185193 185242 1
train/P01/P01_02 17326 17457 1
train/P01/P01_09 167272 167377 1
test/P01/P01_14 53012 53091 1
train/P01/P01_01 2786 2867 1
train/P01/P01_09 86165 86211 1
train/P01/P01_01 76352 76436 1
train/P01/P01_18 133595 133673 1
train/P01/P01_18 59829 59904 1
train/P01/P01_09 163984 164201 1
train/P01/P01_09 79094 79179 1
train/P01/P01_06 16124 16199 1
test/P01/P01_14 50052 50127 1
train/P01/P01_01 98423 98500 1
train/P01/P01_18 150494 150612 1
train/P01/P01_09 15507 15582 1
train/P01/P01_17 7686 7827 1
train/P01/P01_01 38369 38415 1
train/P01/P01_18 85665 85706 1
train/P01/P01_18 91751 91901 1
train/P01/P01_01 45164 45239 1
train/P01/P01_05 3263 3338 1
train/P01/P01_06 864 1012 1
train/P01/P01_01 59184 59288 1
test/P01/P01_12 1567 1648 1
train/P01/P01_18 132113 132188 1
train/P01/P01_09 82805 83011 1
train/P01/P01_18 142586 142697 1
train/P01/P01_05 10937 11052 1
train/P01/P01_18 27206 27282 1
train/P01/P01_17 35263 35327 1
test/P01/P01_11 5287 5370 1
train/P01/P01_09 105762 106125 1
train/P01/P01_09 173693 173730 1
train/P01/P01_01 30278 30474 1
train/P01/P01_09 174872 174948 1
train/P01/P01_18 26675 26729 1
train/P01/P01_09 145661 145826 1
train/P01/P01_01 85451 85557 1
train/P01/P01_16 2411 2531 1
train/P01/P01_01 30758 30864 1
test/P01/P01_15 10182 10219 1
test/P01/P01_14 43849 43982 1
test/P01/P01_14 73005 73114 1
train/P01/P01_01 40037 40448 1
train/P01/P01_18 219222 219286 1
train/P01/P01_01 49171 49251 1
train/P01/P01_09 118617 118682 1
train/P01/P01_18 216987 217087 1
train/P01/P01_09 3520 3643 1
train/P01/P01_09 187146 187206 1
train/P01/P01_09 171258 171389 1
train/P01/P01_09 144170 145469 1
test/P01/P01_11 17094 17196 1
train/P01/P01_18 13352 13451 1
test/P01/P01_15 12153 12263 1
test/P01/P01_11 33046 33151 1
train/P01/P01_18 215304 215447 1
train/P01/P01_09 150725 150892 1
test/P01/P01_15 37330 37450 1
train/P01/P01_06 20483 20532 1
train/P01/P01_09 169168 169338 1
train/P01/P01_18 214987 215092 1
train/P01/P01_01 29592 29661 1
train/P01/P01_17 41942 42005 1
train/P01/P01_05 30720 30871 1
train/P01/P01_09 108177 108303 1
train/P01/P01_09 95354 95474 1
train/P01/P01_18 175554 175606 1
train/P01/P01_16 1544 1679 1
train/P01/P01_05 848 972 1
train/P01/P01_01 94450 94517 1
train/P01/P01_01 62490 62761 1
train/P01/P01_09 19371 19408 1
train/P01/P01_05 25540 25666 1
train/P01/P01_09 117987 118077 1
train/P01/P01_09 38510 38807 1
train/P01/P01_09 186755 186830 1
train/P01/P01_17 53019 53093 1
train/P01/P01_09 13919 14005 1
test/P01/P01_12 10231 10308 1
train/P01/P01_02 6549 6653 1
train/P01/P01_09 24326 24431 1
train/P01/P01_18 11920 12040 1
train/P01/P01_17 48365 48470 1
train/P01/P01_09 36684 36875 1
test/P01/P01_11 3687 3750 1
train/P01/P01_01 51854 51917 1
train/P01/P01_18 1071 1209 1
train/P01/P01_09 152585 152649 1
test/P01/P01_14 21120 21243 1
train/P01/P01_09 117512 117568 1
train/P01/P01_18 79570 79688 1
train/P01/P01_18 173236 173290 1
train/P01/P01_01 49455 49545 1
train/P01/P01_09 152656 152829 1
train/P01/P01_17 38202 38630 1
train/P01/P01_09 113832 113957 1
train/P01/P01_18 1286 1376 1
train/P01/P01_05 9150 9415 1
train/P01/P01_05 4216 4428 1
train/P01/P01_19 25348 25998 4
train/P01/P01_02 25158 25463 4
train/P01/P01_17 28400 28537 4
test/P01/P01_15 30356 30401 4
test/P01/P01_15 18602 18677 4
test/P01/P01_11 16147 17086 4
test/P01/P01_15 52191 52399 4
train/P01/P01_08 2889 3555 4
train/P01/P01_17 50246 50561 4
train/P01/P01_09 44579 44747 4
test/P01/P01_15 22152 22322 4
test/P01/P01_15 52855 53057 4
train/P01/P01_18 146325 146729 4
train/P01/P01_19 24182 24320 4
train/P01/P01_09 47342 47652 4
test/P01/P01_15 46007 46220 4
test/P01/P01_14 78414 78595 4
train/P01/P01_02 9281 9422 4
train/P01/P01_09 40087 40417 4
train/P01/P01_19 9316 9370 4
train/P01/P01_19 22265 23423 4
train/P01/P01_02 23606 24446 4
train/P01/P01_19 13617 14022 4
test/P01/P01_15 31640 31846 4
train/P01/P01_19 16899 17190 4
train/P01/P01_18 64671 64889 4
test/P01/P01_15 21372 21557 4
test/P01/P01_15 16131 16281 4
test/P01/P01_15 32474 33092 4
train/P01/P01_19 1187 1593 4
test/P01/P01_15 51532 52185 4
train/P01/P01_06 14847 15164 4
train/P01/P01_06 3866 4154 4
train/P01/P01_18 43309 43485 4
train/P01/P01_02 15476 15851 4
train/P01/P01_04 4118 4277 4
test/P01/P01_11 9343 10019 4
test/P01/P01_11 18539 18775 4
train/P01/P01_06 8309 8453 4
test/P01/P01_15 26102 26493 4
train/P01/P01_09 186360 186731 4
train/P01/P01_19 14874 15234 4
train/P01/P01_19 1702 1927 4
test/P01/P01_15 43161 43511 4
test/P01/P01_15 16269 16640 4
test/P01/P01_15 48747 48855 4
train/P01/P01_09 45890 46616 4
train/P01/P01_19 20686 21494 4
train/P01/P01_19 14059 14113 4
train/P01/P01_02 1604 1754 4
train/P01/P01_06 15251 16118 4
test/P01/P01_15 28722 29042 4
train/P01/P01_19 11871 12139 4
train/P01/P01_02 4041 4161 4
test/P01/P01_15 15753 16080 4
train/P01/P01_02 3052 3630 4
test/P01/P01_15 43770 45166 4
test/P01/P01_15 18494 18618 4
test/P01/P01_15 53120 53619 4
train/P01/P01_02 2560 2965 4
train/P01/P01_17 57798 58454 4
test/P01/P01_15 21426 21569 4
train/P01/P01_17 12458 12938 4
test/P01/P01_11 18815 19108 4
train/P01/P01_06 4505 4856 4
test/P01/P01_15 11373 11418 4
test/P01/P01_15 10678 11165 4
train/P01/P01_17 54163 54298 4
train/P01/P01_06 26596 26708 4
train/P01/P01_02 11327 11943 4
train/P01/P01_09 40938 41271 4
train/P01/P01_02 13875 14335 4
train/P01/P01_05 73178 73602 4
train/P01/P01_09 198684 199059 4
test/P01/P01_15 9911 10177 4
train/P01/P01_18 143930 144662 4
test/P01/P01_11 11653 12276 4
test/P01/P01_13 2516 2911 4
test/P01/P01_15 48549 49009 4
test/P01/P01_15 30836 31379 4
train/P01/P01_09 44807 44940 4
test/P01/P01_15 51084 51318 4
train/P01/P01_02 22053 22602 4
train/P01/P01_09 181063 181625 4
train/P01/P01_06 7503 7638 4
train/P01/P01_02 15225 15685 4
train/P01/P01_01 4456 4732 4
test/P01/P01_15 4490 4664 4
train/P01/P01_18 220937 221097 4
train/P01/P01_09 192047 192870 4
test/P01/P01_15 12973 13337 4
train/P01/P01_09 193508 193793 4
train/P01/P01_18 66326 66461 4
train/P01/P01_09 41651 41838 4
test/P01/P01_15 49509 49871 4
test/P01/P01_15 28126 28633 4
train/P01/P01_06 20517 20607 4
train/P01/P01_02 21581 21930 4
test/P01/P01_15 7494 7786 4
train/P01/P01_19 23469 23905 4
train/P01/P01_09 41999 42911 4
train/P01/P01_02 7000 7435 4
test/P01/P01_11 8767 8852 4
test/P01/P01_15 35095 35352 4
train/P01/P01_19 14289 14715 4
test/P01/P01_15 24812 25485 4
train/P01/P01_09 185317 185488 4
train/P01/P01_17 62726 63438 4
test/P01/P01_11 18314 18497 4
test/P01/P01_11 19245 19604 4
train/P01/P01_19 16679 17459 4
train/P01/P01_09 186359 186791 4
test/P01/P01_15 21949 22014 4
train/P01/P01_09 194829 195093 4
train/P01/P01_01 18074 18929 4
train/P01/P01_06 10484 11588 4
train/P01/P01_02 23000 23224 4
train/P01/P01_17 58470 58943 4
train/P01/P01_02 5487 5742 4
train/P01/P01_18 148693 149459 4
train/P01/P01_19 18062 18191 4
train/P01/P01_17 62394 62739 4
train/P01/P01_09 183223 184232 4
train/P01/P01_18 150675 150724 4
train/P01/P01_19 9531 9726 4
test/P01/P01_15 20163 20422 4
train/P01/P01_19 7356 7839 4
train/P01/P01_09 88742 89477 4
test/P01/P01_15 14855 15490 4
train/P01/P01_05 39522 40958 4
train/P01/P01_19 21315 21482 4
train/P01/P01_09 198506 198634 4
train/P01/P01_17 10764 11312 4
train/P01/P01_18 147720 147954 4
test/P01/P01_15 29298 29658 4
train/P01/P01_19 15711 16553 4
train/P01/P01_19 24922 25153 4
test/P01/P01_15 22296 22516 4
train/P01/P01_09 181707 181937 4
train/P01/P01_18 43683 44243 4
test/P01/P01_15 30020 30201 4
train/P01/P01_19 18606 19010 4
train/P01/P01_02 24455 24783 4
train/P01/P01_04 2813 3143 4
train/P01/P01_02 12488 13014 4
test/P01/P01_11 20919 21365 4
train/P01/P01_05 39356 40203 4
train/P01/P01_02 12144 12638 4
train/P01/P01_17 64859 65015 4
train/P01/P01_09 189767 190229 4
train/P01/P01_02 20941 21539 4
test/P01/P01_15 19842 20061 4
test/P01/P01_15 8470 8750 4
train/P01/P01_01 3911 4386 4
train/P01/P01_17 10209 10628 4
train/P01/P01_18 148379 148724 4
test/P01/P01_11 7928 8311 4
train/P01/P01_17 63320 63651 4
train/P01/P01_19 24852 24933 4
train/P01/P01_02 15239 15778 4
train/P01/P01_09 190374 190688 4
test/P01/P01_15 21771 21900 4
train/P01/P01_09 45323 45679 4
test/P01/P01_11 15611 15965 4
train/P01/P01_09 180610 180777 4
test/P01/P01_15 22570 22683 4
test/P01/P01_15 19451 19733 4
train/P01/P01_17 49707 50109 4
train/P01/P01_17 56292 56724 4
train/P01/P01_02 24788 24946 4
train/P01/P01_06 8685 8849 4
test/P01/P01_11 8858 9224 4
train/P01/P01_06 26924 28154 4
test/P01/P01_15 6393 7334 4
test/P01/P01_14 54480 54848 4
train/P01/P01_19 5599 5776 4
train/P01/P01_06 23998 24391 4
train/P01/P01_19 5131 5263 4
train/P01/P01_02 16234 16709 4
train/P01/P01_17 62021 62077 4
train/P01/P01_17 57345 57533 4
train/P01/P01_09 81563 81815 4
train/P01/P01_09 34593 35823 4
train/P01/P01_19 24338 24504 4
test/P01/P01_15 12529 12640 4
train/P01/P01_01 98020 98111 4
train/P01/P01_17 51148 51678 4
test/P01/P01_11 20132 20467 4
test/P01/P01_15 31968 32118 4
train/P01/P01_09 39429 40065 4
train/P01/P01_08 2183 2745 4
train/P01/P01_09 191631 191798 4
test/P01/P01_15 35710 36195 4
train/P01/P01_08 2663 2816 4
test/P01/P01_15 9932 10178 4
train/P01/P01_17 53168 54069 4
test/P01/P01_11 10958 11523 4
test/P01/P01_14 54600 54815 4
train/P01/P01_06 17306 17851 4
test/P01/P01_15 8901 9021 4
train/P01/P01_17 12429 12950 4
train/P01/P01_01 4738 4966 4
train/P01/P01_06 23365 23464 4
train/P01/P01_17 60590 60648 4
test/P01/P01_13 2950 3092 4
test/P01/P01_15 23193 23595 4
train/P01/P01_09 184881 185187 4
train/P01/P01_17 30773 31703 4
test/P01/P01_15 36419 37107 4
train/P01/P01_17 55003 55430 4
train/P01/P01_09 197701 198303 4
train/P01/P01_18 65580 66128 4
test/P01/P01_15 8247 8365 4
train/P01/P01_01 18212 18928 4
test/P01/P01_15 20556 20708 4
train/P01/P01_19 24694 24798 4
train/P01/P01_09 80862 81095 4
test/P01/P01_15 44529 45879 4
train/P01/P01_17 8990 9632 4
train/P01/P01_19 12774 12902 4
test/P01/P01_11 12756 12971 4
test/P01/P01_15 23868 24497 4
train/P01/P01_02 21891 22047 4
test/P01/P01_13 3157 3587 4
train/P01/P01_19 19601 20247 4
train/P01/P01_18 147471 147676 4
train/P01/P01_02 15749 16253 4
test/P01/P01_15 13834 13894 4
train/P01/P01_18 65007 65474 4
train/P01/P01_09 197591 197678 4
test/P01/P01_11 14629 14673 4
train/P01/P01_19 2059 2177 4
train/P01/P01_01 97806 98013 4
train/P01/P01_18 149777 150426 4
test/P01/P01_11 7345 7405 4
train/P01/P01_17 51663 51876 4
train/P01/P01_19 2180 3180 4
test/P01/P01_14 78601 78906 4
train/P01/P01_09 200024 200249 4
train/P01/P01_19 11498 11746 4
train/P01/P01_02 20927 21137 4
train/P01/P01_17 55493 56015 4
train/P01/P01_19 10427 10892 4
train/P01/P01_06 23596 23992 4
train/P01/P01_17 52211 52528 4
train/P01/P01_17 9661 10044 4
test/P01/P01_15 5148 5669 4
train/P01/P01_09 138579 138729 4
train/P01/P01_06 18699 19193 4
train/P01/P01_06 25319 26594 4
train/P01/P01_06 26798 26918 4
train/P01/P01_17 60870 61947 4
train/P01/P01_09 182095 182471 4
test/P01/P01_15 42601 42777 4
train/P01/P01_04 4156 4306 4
train/P01/P01_06 7133 7317 4
train/P01/P01_02 10291 10411 4
test/P01/P01_15 36351 37181 4
train/P01/P01_04 3149 3368 4
train/P01/P01_02 18333 18494 4
train/P01/P01_02 17778 17975 4
train/P01/P01_19 10950 11188 4
test/P01/P01_11 15293 15456 4
test/P01/P01_15 46458 47301 4
train/P01/P01_01 3710 3912 4
train/P01/P01_04 3438 3759 4
train/P01/P01_06 6618 6999 4
train/P01/P01_17 57605 57683 4
train/P01/P01_09 184287 184727 4
train/P01/P01_02 4569 4872 4
train/P01/P01_06 24510 24658 4
train/P01/P01_17 10151 10652 4
train/P01/P01_06 5693 6445 4
test/P01/P01_11 22388 22855 4
train/P01/P01_17 65001 65225 4
test/P01/P01_15 5666 6298 4
train/P01/P01_06 4999 5453 4
train/P01/P01_02 20570 20825 4
test/P01/P01_15 34388 34656 4
test/P01/P01_15 32281 33066 4
train/P01/P01_02 24255 24449 4
train/P01/P01_06 20380 20469 4
train/P01/P01_18 146735 147231 4
train/P01/P01_06 20091 20333 4
train/P01/P01_06 9213 9579 4
train/P01/P01_19 9344 9525 4
train/P01/P01_17 52595 53024 4
test/P01/P01_15 47660 48423 4
train/P01/P01_19 21488 22671 4
train/P01/P01_17 56532 57241 4
train/P01/P01_18 148296 148349 4
test/P01/P01_11 14638 14882 4
train/P01/P01_09 188463 189146 4
train/P01/P01_17 30946 31735 4
test/P01/P01_11 13021 13763 4
train/P01/P01_02 18087 18327 4
train/P01/P01_05 72796 73178 4
train/P01/P01_06 16205 17129 4
train/P01/P01_19 13196 13589 4
train/P01/P01_17 60769 60864 4
train/P01/P01_02 10887 11321 4
train/P01/P01_06 9700 10251 4
train/P01/P01_02 19169 19454 4
train/P01/P01_09 75158 75360 5
train/P01/P01_01 7667 8692 5
train/P01/P01_18 37830 38152 5
train/P01/P01_18 52997 53322 5
train/P01/P01_17 15063 15561 5
train/P01/P01_09 65643 65810 5
train/P01/P01_18 9162 10242 5
train/P01/P01_09 55014 55719 5
test/P01/P01_14 17835 18374 5
train/P01/P01_09 56991 57981 5
train/P01/P01_01 33854 34129 5
train/P01/P01_09 110476 110990 5
test/P01/P01_14 15269 15819 5
train/P01/P01_18 29099 29567 5
train/P01/P01_18 48914 49421 5
train/P01/P01_09 75477 75787 5
train/P01/P01_09 66334 66488 5
train/P01/P01_01 14341 14927 5
train/P01/P01_18 28354 28887 5
train/P01/P01_18 32159 33246 5
train/P01/P01_10 4332 5283 5
train/P01/P01_09 65033 65434 5
train/P01/P01_09 74270 74635 5
train/P01/P01_09 90285 91291 5
train/P01/P01_18 53328 53820 5
train/P01/P01_17 16219 17103 5
train/P01/P01_01 23723 24420 5
train/P01/P01_18 34945 36015 5
train/P01/P01_10 3152 3665 5
train/P01/P01_09 109459 109817 5
test/P01/P01_14 24749 24925 5
train/P01/P01_18 36735 38091 5
train/P01/P01_17 33575 34515 5
train/P01/P01_01 19695 20283 5
train/P01/P01_09 102017 103478 5
train/P01/P01_09 83100 84207 5
train/P01/P01_17 20482 21609 5
train/P01/P01_05 16071 16607 5
train/P01/P01_10 3309 4326 5
test/P01/P01_14 16228 16794 5
train/P01/P01_18 118051 119114 5
train/P01/P01_09 210518 212028 5
train/P01/P01_01 7858 8746 5
train/P01/P01_05 16032 17333 5
train/P01/P01_18 115452 117001 5
train/P01/P01_09 55703 56316 5
train/P01/P01_17 32355 33024 5
test/P01/P01_14 27501 28425 5
train/P01/P01_05 29892 30207 5
test/P01/P01_14 25970 26714 5
train/P01/P01_18 24165 24744 5
train/P01/P01_18 33696 34626 5
train/P01/P01_01 19365 19689 5
test/P01/P01_14 14565 15140 5
train/P01/P01_18 21240 21455 5
train/P01/P01_01 9944 10815 5
train/P01/P01_09 72018 72837 5
train/P01/P01_09 100655 102953 5
test/P01/P01_14 14217 14503 5
test/P01/P01_14 26528 27333 5
train/P01/P01_18 116157 117483 5
train/P01/P01_01 24502 25329 5
train/P01/P01_17 24204 24347 5
train/P01/P01_17 40614 41580 5
train/P01/P01_09 90777 92000 5
train/P01/P01_18 117457 117662 5
test/P01/P01_14 17217 17720 5
train/P01/P01_01 23554 23924 5
train/P01/P01_17 33008 33953 5
test/P01/P01_14 27412 28127 5
test/P01/P01_14 25301 25705 5
train/P01/P01_17 39980 41309 5
test/P01/P01_12 8309 8654 7
train/P01/P01_18 162078 162314 7
train/P01/P01_18 217291 217429 7
train/P01/P01_04 2529 2667 7
train/P01/P01_03 6458 6761 7
train/P01/P01_18 83019 83214 7
train/P01/P01_05 22796 22898 7
test/P01/P01_14 76063 76458 7
train/P01/P01_05 34139 34937 7
train/P01/P01_05 10129 10833 7
train/P01/P01_18 182681 182865 7
train/P01/P01_18 195100 195310 7
train/P01/P01_09 11854 12023 7
train/P01/P01_01 15002 15471 7
test/P01/P01_14 21810 22283 7
train/P01/P01_01 53154 53349 7
train/P01/P01_09 154138 154539 7
test/P01/P01_14 46629 47379 7
train/P01/P01_18 69513 69786 7
train/P01/P01_17 18141 18268 7
train/P01/P01_09 143261 143676 7
train/P01/P01_09 21386 21504 7
train/P01/P01_03 3471 3885 7
train/P01/P01_09 13682 13938 7
train/P01/P01_18 39915 40766 7
train/P01/P01_17 35664 35816 7
train/P01/P01_18 78620 79453 7
train/P01/P01_05 73857 74263 7
train/P01/P01_09 85863 85973 7
train/P01/P01_18 38393 39476 7
train/P01/P01_18 216457 216632 7
train/P01/P01_18 41595 41768 7
train/P01/P01_18 121775 121929 7
train/P01/P01_17 22278 22716 7
train/P01/P01_01 93861 93966 7
train/P01/P01_05 70986 71265 7
train/P01/P01_19 888 1062 7
train/P01/P01_17 68130 68331 7
train/P01/P01_03 6229 6530 7
train/P01/P01_05 25050 25506 7
test/P01/P01_13 2183 2300 7
train/P01/P01_01 16967 17102 7
train/P01/P01_09 41379 41453 7
test/P01/P01_14 50467 50634 7
train/P01/P01_09 15263 15501 7
train/P01/P01_09 23817 24087 7
train/P01/P01_18 216105 216278 7
train/P01/P01_16 9869 10154 7
train/P01/P01_08 1881 2004 7
train/P01/P01_18 121046 121170 7
test/P01/P01_12 9745 10165 7
train/P01/P01_17 41571 41931 7
train/P01/P01_09 59661 59946 7
train/P01/P01_01 43226 43341 7
test/P01/P01_14 36020 36914 7
test/P01/P01_15 54898 55327 7
train/P01/P01_18 196206 196532 7
test/P01/P01_15 4829 4919 7
test/P01/P01_14 38163 38337 7
test/P01/P01_14 66029 66224 7
train/P01/P01_01 75899 76221 7
test/P01/P01_14 75109 75341 7
train/P01/P01_09 153216 153618 7
train/P01/P01_18 68814 69150 7
train/P01/P01_04 5179 5435 7
test/P01/P01_14 46321 47373 7
train/P01/P01_08 5081 5307 7
test/P01/P01_14 40746 40916 7
train/P01/P01_09 100180 100334 7
train/P01/P01_02 1811 1946 7
train/P01/P01_17 20267 20340 7
train/P01/P01_17 18332 19178 7
train/P01/P01_09 86950 87355 7
train/P01/P01_06 3426 3555 7
test/P01/P01_15 24608 24713 7
train/P01/P01_09 12257 12372 7
train/P01/P01_09 24093 24287 7
train/P01/P01_18 104888 105134 7
train/P01/P01_01 20497 20771 7
train/P01/P01_07 6740 7042 7
train/P01/P01_05 24296 24509 7
train/P01/P01_09 171602 171953 7
train/P01/P01_18 217559 217694 7
test/P01/P01_14 57996 58481 7
train/P01/P01_01 25793 26265 7
train/P01/P01_09 142715 143000 7
train/P01/P01_17 43274 43560 7
test/P01/P01_14 19705 20335 7
train/P01/P01_17 49223 49312 7
train/P01/P01_17 34635 35321 7
train/P01/P01_18 212086 212227 7
train/P01/P01_01 93456 93777 7
train/P01/P01_01 45728 45818 7
train/P01/P01_09 19768 19920 7
train/P01/P01_07 8739 9442 7
train/P01/P01_17 42394 42558 7
train/P01/P01_05 23054 23442 7
train/P01/P01_09 75951 76549 7
test/P01/P01_14 23279 23579 7
train/P01/P01_02 29339 29585 7
train/P01/P01_09 12756 12957 7
train/P01/P01_01 41003 41840 7
test/P01/P01_14 75636 76197 7
train/P01/P01_09 59992 60138 7
train/P01/P01_01 26219 26588 7
train/P01/P01_18 196115 196265 7
test/P01/P01_14 50955 51195 7
train/P01/P01_01 46214 46278 6
train/P01/P01_09 16750 17660 6
train/P01/P01_01 47358 49178 6
train/P01/P01_18 126115 126340 6
train/P01/P01_09 15636 16170 6
train/P01/P01_01 50503 50835 6
test/P01/P01_14 67009 68694 6
train/P01/P01_01 57555 58174 6
train/P01/P01_01 61232 61502 6
train/P01/P01_18 135650 136611 6
train/P01/P01_18 183640 185004 6
train/P01/P01_01 63111 64044 6
test/P01/P01_14 69227 70221 6
train/P01/P01_18 194327 194957 6
train/P01/P01_18 215648 215960 6
train/P01/P01_18 176074 176624 6
train/P01/P01_18 176245 177657 6
test/P01/P01_14 22989 23223 6
test/P01/P01_14 38893 40302 6
train/P01/P01_18 135881 137629 6
train/P01/P01_09 16176 17854 6
train/P01/P01_18 203081 204489 6
test/P01/P01_14 45563 45968 6
train/P01/P01_18 41875 42193 6
train/P01/P01_01 87761 88195 6
train/P01/P01_01 86691 87419 6
test/P01/P01_14 71325 72737 6
test/P01/P01_14 48009 49545 6
test/P01/P01_14 47473 48910 6
train/P01/P01_18 187190 187763 6
test/P01/P01_14 38649 38946 6
train/P01/P01_18 205607 206889 6
train/P01/P01_17 45690 46790 6
test/P01/P01_14 55871 56283 6
test/P01/P01_14 33816 34106 6
train/P01/P01_18 171881 173203 6
test/P01/P01_14 41300 42050 6
test/P01/P01_14 67824 68892 6
train/P01/P01_01 50841 51845 6
train/P01/P01_18 183246 183557 6
train/P01/P01_01 91089 91571 6
train/P01/P01_01 45762 45861 6
test/P01/P01_14 52232 52962 6
train/P01/P01_01 65247 65538 6
train/P01/P01_18 127857 129578 6
train/P01/P01_09 17666 18831 6
train/P01/P01_09 14011 14899 6
train/P01/P01_18 151773 152541 6
train/P01/P01_09 13121 13596 6
test/P01/P01_14 60666 61437 6
test/P01/P01_14 59639 60542 6
test/P01/P01_14 37311 38026 6
train/P01/P01_17 44951 46182 6
train/P01/P01_18 212314 213090 6
train/P01/P01_18 187779 189336 6
train/P01/P01_18 205694 209073 6
train/P01/P01_01 33278 33509 6
train/P01/P01_18 110527 110588 6
train/P01/P01_18 137587 138943 6
train/P01/P01_01 60653 61081 6
train/P01/P01_01 39342 39656 6
train/P01/P01_18 138426 140258 6
train/P01/P01_09 19536 19725 6
train/P01/P01_01 16323 16670 6
test/P01/P01_14 34175 35640 6
train/P01/P01_18 210155 210466 6
train/P01/P01_01 65940 67874 6
train/P01/P01_09 14533 15148 6
test/P01/P01_14 71864 72713 6
train/P01/P01_01 46482 48494 6
train/P01/P01_18 119156 119801 6
train/P01/P01_01 69784 70317 6
train/P01/P01_05 75822 76138 6
train/P01/P01_18 130580 130921 6
test/P01/P01_14 62394 62773 6
train/P01/P01_05 47477 47937 6
train/P01/P01_01 65654 66202 6
train/P01/P01_18 213171 214082 6
test/P01/P01_14 70019 70979 6
train/P01/P01_18 211143 212008 6
test/P01/P01_14 62025 62312 6
test/P01/P01_14 53132 53651 6
train/P01/P01_18 191824 192665 6
train/P01/P01_18 195383 196078 6
train/P01/P01_01 27333 27883 6
train/P01/P01_01 91439 92909 6
train/P01/P01_01 70328 70703 6
train/P01/P01_18 169986 170459 6
train/P01/P01_18 109617 110174 6
train/P01/P01_01 43421 43887 6
train/P01/P01_18 111962 112036 6
train/P01/P01_18 160910 161593 6
train/P01/P01_01 72918 73542 6
train/P01/P01_18 93961 94111 6
train/P01/P01_18 104024 104422 6
train/P01/P01_18 122546 123133 6
train/P01/P01_01 88201 90315 6
