train/P08/P08_21 72393 72490 2
test/P08/P08_09 3778 3937 2
train/P08/P08_13 144 205 2
train/P08/P08_23 68126 68229 2
train/P08/P08_23 20267 20475 2
train/P08/P08_05 42878 42960 2
train/P08/P08_05 89183 89440 2
train/P08/P08_23 91448 91770 2
train/P08/P08_05 58568 58638 2
train/P08/P08_21 32651 32703 2
train/P08/P08_21 60662 60727 2
test/P08/P08_15 7255 7319 2
train/P08/P08_22 382 457 2
train/P08/P08_21 65068 65170 2
train/P08/P08_21 41220 41340 2
train/P08/P08_23 87789 87870 2
test/P08/P08_15 11269 11367 2
train/P08/P08_05 8489 8568 2
train/P08/P08_05 98169 98249 2
train/P08/P08_21 75101 75217 2
train/P08/P08_01 24479 24554 2
test/P08/P08_15 3359 3494 2
train/P08/P08_05 101570 101630 2
test/P08/P08_15 32775 32854 2
train/P08/P08_21 50856 50931 2
test/P08/P08_15 22700 22765 2
train/P08/P08_21 16413 16478 2
test/P08/P08_09 15706 15771 2
train/P08/P08_18 577 669 2
train/P08/P08_21 72114 72191 2
test/P08/P08_17 1558 1702 2
train/P08/P08_05 60642 60717 2
train/P08/P08_01 34920 35087 2
train/P08/P08_05 57575 57759 2
train/P08/P08_01 31680 31745 2
train/P08/P08_01 1874 1970 2
train/P08/P08_21 32320 32424 2
train/P08/P08_21 73094 73190 2
train/P08/P08_05 59134 59223 2
train/P08/P08_21 28191 28265 2
train/P08/P08_05 8574 8649 2
test/P08/P08_15 1070 1175 2
train/P08/P08_06 2670 2803 2
test/P08/P08_09 32669 32766 2
train/P08/P08_05 85625 85709 2
train/P08/P08_21 81207 81293 2
train/P08/P08_21 46024 46153 2
train/P08/P08_23 1799 2162 2
train/P08/P08_21 40424 40488 2
train/P08/P08_05 33116 33199 2
train/P08/P08_23 49115 49230 2
train/P08/P08_05 4581 4708 2
train/P08/P08_05 70491 70572 2
train/P08/P08_01 13770 13935 2
train/P08/P08_05 99944 100007 2
train/P08/P08_21 31856 31931 2
test/P08/P08_09 35337 35442 2
train/P08/P08_21 18769 18844 2
train/P08/P08_21 59345 59408 2
train/P08/P08_21 17217 17307 2
train/P08/P08_21 461 698 2
train/P08/P08_04 11915 11981 2
train/P08/P08_05 90086 90192 2
train/P08/P08_21 119 200 2
train/P08/P08_05 48122 48227 2
train/P08/P08_21 44125 44214 2
train/P08/P08_21 23216 23297 2
train/P08/P08_05 1322 1391 2
train/P08/P08_21 19440 19683 2
train/P08/P08_21 41519 41609 2
train/P08/P08_21 16094 16184 2
train/P08/P08_21 65991 66062 2
train/P08/P08_05 103380 103470 2
train/P08/P08_01 12046 13273 2
train/P08/P08_21 41973 42054 2
train/P08/P08_01 9899 9989 2
train/P08/P08_21 50600 50681 2
train/P08/P08_05 86448 86682 2
train/P08/P08_05 5436 5505 2
train/P08/P08_05 14937 15194 2
train/P08/P08_05 90361 90475 2
train/P08/P08_05 2233 2309 2
train/P08/P08_06 12505 12581 2
train/P08/P08_21 12713 12787 2
train/P08/P08_21 317 467 2
test/P08/P08_09 27911 28007 0
train/P08/P08_23 90420 90803 0
train/P08/P08_05 68357 68662 0
train/P08/P08_05 97147 97402 0
train/P08/P08_24 5624 5695 0
train/P08/P08_01 7348 7394 0
train/P08/P08_05 78002 78103 0
test/P08/P08_14 8466 8874 0
train/P08/P08_06 9615 9769 0
test/P08/P08_09 8700 9059 0
train/P08/P08_01 14420 14491 0
train/P08/P08_01 33831 33955 0
test/P08/P08_17 3948 4032 0
train/P08/P08_05 58366 58423 0
train/P08/P08_23 64830 64909 0
train/P08/P08_04 2607 2902 0
train/P08/P08_05 30063 30152 0
train/P08/P08_21 7370 7720 0
train/P08/P08_23 32015 32266 0
train/P08/P08_04 8736 8853 0
train/P08/P08_21 16205 16385 0
train/P08/P08_05 26174 26597 0
train/P08/P08_05 91878 91998 0
test/P08/P08_17 17285 17339 0
train/P08/P08_23 5172 5345 0
train/P08/P08_05 43373 43504 0
train/P08/P08_21 5469 5719 0
train/P08/P08_05 62141 62276 0
train/P08/P08_21 67790 67832 0
train/P08/P08_06 22919 22989 0
train/P08/P08_05 5769 5922 0
train/P08/P08_21 37571 37680 0
train/P08/P08_21 84201 84335 0
train/P08/P08_06 13349 13435 0
train/P08/P08_21 32430 32515 0
train/P08/P08_21 42048 42153 0
train/P08/P08_23 4631 5000 0
test/P08/P08_17 31647 31816 0
train/P08/P08_01 25062 25102 0
train/P08/P08_21 44412 44610 0
test/P08/P08_15 19823 19974 0
train/P08/P08_05 99222 99605 0
train/P08/P08_05 6324 6485 0
train/P08/P08_23 650 844 0
train/P08/P08_06 4084 4136 0
train/P08/P08_04 3140 3218 0
train/P08/P08_23 91176 91300 0
train/P08/P08_01 28808 28881 0
train/P08/P08_23 48200 48280 0
train/P08/P08_23 69138 69264 0
train/P08/P08_21 34712 34798 0
train/P08/P08_21 68610 68701 0
test/P08/P08_16 21330 21407 0
train/P08/P08_21 28295 28592 0
train/P08/P08_21 76505 76580 0
test/P08/P08_15 4012 4072 0
train/P08/P08_05 45529 45600 0
train/P08/P08_06 2189 2323 0
train/P08/P08_23 19703 19798 0
test/P08/P08_15 24452 24660 0
test/P08/P08_09 12191 12314 0
train/P08/P08_05 21978 23581 0
train/P08/P08_23 61668 62079 0
train/P08/P08_23 6173 6386 0
train/P08/P08_18 7779 7847 0
test/P08/P08_09 21498 21663 0
test/P08/P08_16 24978 25329 0
test/P08/P08_17 13034 13138 0
train/P08/P08_23 78264 78395 0
train/P08/P08_01 9053 9156 0
train/P08/P08_01 26361 26579 0
test/P08/P08_15 23807 23988 0
train/P08/P08_05 71202 71655 0
train/P08/P08_05 36766 36854 0
train/P08/P08_24 10134 10241 0
train/P08/P08_18 5392 5465 0
test/P08/P08_09 30718 30795 0
train/P08/P08_21 40716 40950 0
train/P08/P08_01 13941 14061 0
train/P08/P08_23 73682 74016 0
test/P08/P08_16 5941 6174 0
test/P08/P08_15 208 331 0
train/P08/P08_05 65531 65771 0
test/P08/P08_15 1991 2306 0
train/P08/P08_04 1364 1529 0
train/P08/P08_21 70851 70963 0
train/P08/P08_04 3951 4050 0
train/P08/P08_05 75981 76055 0
test/P08/P08_09 36102 36193 0
train/P08/P08_23 9404 9469 0
train/P08/P08_06 3474 3545 0
train/P08/P08_01 7764 7913 0
train/P08/P08_23 48650 48750 0
test/P08/P08_14 6052 6119 0
train/P08/P08_21 81279 81520 0
train/P08/P08_05 87441 87503 0
train/P08/P08_05 27888 28086 0
train/P08/P08_21 6146 6232 0
test/P08/P08_09 3853 4148 0
train/P08/P08_23 68688 68952 0
train/P08/P08_23 20507 20727 0
test/P08/P08_14 5231 5624 0
train/P08/P08_23 743 903 0
train/P08/P08_21 18852 18954 0
train/P08/P08_21 80346 80588 0
train/P08/P08_05 11509 12584 0
train/P08/P08_21 5100 5202 0
train/P08/P08_23 24626 25314 0
test/P08/P08_09 845 935 0
test/P08/P08_15 11451 11594 0
train/P08/P08_01 18468 18893 0
train/P08/P08_05 102860 103300 0
train/P08/P08_23 18954 19070 0
train/P08/P08_05 101798 101872 0
train/P08/P08_23 16072 16882 0
train/P08/P08_05 48245 48390 0
test/P08/P08_09 21326 21453 0
train/P08/P08_23 16059 16805 0
train/P08/P08_23 50648 50786 0
train/P08/P08_05 103476 103570 0
train/P08/P08_05 5235 5349 0
train/P08/P08_05 33947 34160 0
train/P08/P08_05 89368 90024 0
test/P08/P08_16 21012 21126 0
train/P08/P08_23 90049 90275 0
train/P08/P08_21 78164 78230 0
train/P08/P08_05 58610 58700 0
train/P08/P08_23 25280 25398 0
train/P08/P08_05 48809 48914 0
train/P08/P08_05 46268 46403 0
test/P08/P08_09 34745 34835 0
train/P08/P08_21 53156 53572 0
train/P08/P08_23 19271 19389 0
train/P08/P08_05 1135 1245 0
train/P08/P08_23 7187 7377 0
train/P08/P08_21 50932 51069 0
train/P08/P08_06 777 896 0
train/P08/P08_21 13232 13317 0
test/P08/P08_15 32853 32967 0
train/P08/P08_05 25347 25718 0
train/P08/P08_05 97408 98134 0
train/P08/P08_21 82951 83041 0
train/P08/P08_23 15891 16001 0
train/P08/P08_21 71681 71778 0
train/P08/P08_05 24455 25121 0
test/P08/P08_15 1181 1346 0
train/P08/P08_05 76506 76601 0
test/P08/P08_09 28166 28259 0
train/P08/P08_21 6869 7094 0
train/P08/P08_01 29825 29913 0
train/P08/P08_21 62719 62873 0
test/P08/P08_16 18118 18634 0
train/P08/P08_05 91224 91289 0
test/P08/P08_09 2033 2166 0
train/P08/P08_01 26858 27033 0
train/P08/P08_23 1130 1261 0
train/P08/P08_23 46445 46860 0
train/P08/P08_05 100339 100412 0
train/P08/P08_21 53084 53150 0
train/P08/P08_23 12236 12608 0
train/P08/P08_05 10012 10098 0
train/P08/P08_05 47105 47229 0
train/P08/P08_05 69716 69947 0
train/P08/P08_05 10630 10821 0
train/P08/P08_05 102424 102469 3
train/P08/P08_05 100094 100149 3
train/P08/P08_23 24440 24510 3
train/P08/P08_06 11664 11785 3
test/P08/P08_17 27847 28024 3
train/P08/P08_21 41466 41512 3
train/P08/P08_05 13947 14040 3
train/P08/P08_08 441 590 3
train/P08/P08_05 86277 86357 3
test/P08/P08_16 930 1028 3
test/P08/P08_17 3224 3473 3
train/P08/P08_01 436 536 3
train/P08/P08_05 34544 34604 3
train/P08/P08_23 58527 58591 3
test/P08/P08_15 23136 23197 3
train/P08/P08_05 90949 91024 3
train/P08/P08_05 9030 9195 3
test/P08/P08_10 1403 1496 3
train/P08/P08_06 6153 6407 3
test/P08/P08_09 11072 11141 3
train/P08/P08_21 20089 20390 3
train/P08/P08_01 35724 35819 3
train/P08/P08_05 15551 15824 3
train/P08/P08_23 48310 48396 3
train/P08/P08_05 1875 1949 3
test/P08/P08_09 35571 35676 3
test/P08/P08_09 12620 12665 3
train/P08/P08_21 66236 66338 3
train/P08/P08_21 40930 41038 3
train/P08/P08_21 77310 77408 3
train/P08/P08_21 80628 80725 3
train/P08/P08_06 11768 11871 3
train/P08/P08_21 29963 30045 3
test/P08/P08_10 6793 6858 3
train/P08/P08_21 31965 32081 3
train/P08/P08_21 59736 59873 3
train/P08/P08_06 7161 7280 3
train/P08/P08_21 64493 65090 3
train/P08/P08_21 45386 45452 3
train/P08/P08_21 23081 23231 3
train/P08/P08_05 85531 85619 3
train/P08/P08_21 44259 44358 3
train/P08/P08_18 27782 28064 3
train/P08/P08_21 77561 77622 3
train/P08/P08_21 41799 41925 3
train/P08/P08_05 86195 86278 3
train/P08/P08_05 21354 21429 3
test/P08/P08_09 25667 25736 3
test/P08/P08_09 34832 34907 3
test/P08/P08_15 12733 12810 1
train/P08/P08_23 2514 2715 1
test/P08/P08_17 17363 17539 1
train/P08/P08_23 89817 90033 1
train/P08/P08_06 3021 3270 1
train/P08/P08_05 95064 95157 1
test/P08/P08_16 11923 12013 1
test/P08/P08_17 18375 18629 1
train/P08/P08_23 2214 2495 1
train/P08/P08_05 95353 95566 1
test/P08/P08_17 22087 22180 1
train/P08/P08_22 1739 1960 1
train/P08/P08_24 11795 11909 1
train/P08/P08_05 101899 102106 1
train/P08/P08_18 13043 13293 1
train/P08/P08_21 78837 79691 1
train/P08/P08_21 26538 26643 1
train/P08/P08_05 41717 41867 1
train/P08/P08_18 29619 29726 1
train/P08/P08_18 10347 10688 1
train/P08/P08_04 7308 7613 1
test/P08/P08_10 2051 2250 1
train/P08/P08_23 68524 68682 1
train/P08/P08_01 18030 18462 1
train/P08/P08_21 2939 3053 1
train/P08/P08_21 78524 78629 1
train/P08/P08_21 29244 29319 1
train/P08/P08_21 48546 48596 1
test/P08/P08_09 4688 4750 1
test/P08/P08_15 10900 11155 1
train/P08/P08_01 35123 35259 1
test/P08/P08_17 13428 13543 1
train/P08/P08_01 28882 28961 1
train/P08/P08_23 65664 65919 1
test/P08/P08_15 23998 24294 1
train/P08/P08_24 15016 17162 1
train/P08/P08_21 4829 4919 1
train/P08/P08_06 4832 4916 1
train/P08/P08_05 104782 104878 1
train/P08/P08_23 19103 19214 1
test/P08/P08_16 32131 32311 1
train/P08/P08_24 19585 19935 1
train/P08/P08_18 2052 2964 1
train/P08/P08_21 10972 11017 1
train/P08/P08_06 5342 5627 1
train/P08/P08_21 7152 7287 1
test/P08/P08_09 36295 36400 1
train/P08/P08_24 23565 23647 1
train/P08/P08_05 53757 53929 1
test/P08/P08_09 28007 28157 1
train/P08/P08_21 81717 81846 1
train/P08/P08_23 66224 66345 1
train/P08/P08_01 10236 10313 1
train/P08/P08_05 8266 8455 1
train/P08/P08_05 34244 34512 1
train/P08/P08_18 5603 5691 1
train/P08/P08_26 2125 2442 1
train/P08/P08_01 11342 11550 1
train/P08/P08_23 22016 22145 1
train/P08/P08_23 79325 79426 1
test/P08/P08_15 33381 33581 1
train/P08/P08_23 15043 15123 1
train/P08/P08_05 104116 104266 1
train/P08/P08_22 1473 1555 1
train/P08/P08_06 1862 2014 1
train/P08/P08_23 65065 65283 1
train/P08/P08_04 5475 5699 1
train/P08/P08_01 9978 10044 1
train/P08/P08_04 2390 2717 1
train/P08/P08_01 23375 23732 1
train/P08/P08_06 10604 10724 1
test/P08/P08_15 11691 11760 1
train/P08/P08_01 33069 33444 1
train/P08/P08_06 6983 7137 1
train/P08/P08_04 6257 6350 1
train/P08/P08_21 11134 11239 1
train/P08/P08_05 1269 1337 1
test/P08/P08_10 8266 8451 1
train/P08/P08_21 5208 5296 1
train/P08/P08_21 14662 14758 1
test/P08/P08_15 4870 4983 1
train/P08/P08_05 101208 101490 1
test/P08/P08_15 3152 3353 1
test/P08/P08_09 22407 22799 1
train/P08/P08_21 5333 5482 1
train/P08/P08_23 65383 65486 1
train/P08/P08_21 63027 63497 1
train/P08/P08_05 84175 85506 1
train/P08/P08_18 26946 27111 1
test/P08/P08_10 556 645 1
train/P08/P08_21 9433 10213 1
train/P08/P08_05 2752 2872 1
train/P08/P08_05 69854 70322 1
train/P08/P08_23 27298 27587 1
train/P08/P08_21 83792 83871 1
train/P08/P08_01 23032 23280 1
train/P08/P08_21 12569 12657 1
train/P08/P08_05 76080 76206 1
train/P08/P08_21 77465 77557 1
train/P08/P08_23 62084 62163 1
train/P08/P08_06 3734 3802 1
train/P08/P08_05 87524 87779 1
train/P08/P08_21 25824 25920 1
train/P08/P08_23 34869 34975 1
train/P08/P08_05 82319 83074 1
train/P08/P08_23 15004 15148 1
train/P08/P08_06 10980 11154 1
train/P08/P08_21 11260 12181 1
train/P08/P08_06 16505 16760 1
train/P08/P08_21 58570 58682 1
train/P08/P08_21 14774 15284 1
train/P08/P08_21 71802 71996 1
train/P08/P08_05 83898 84861 1
train/P08/P08_05 87332 87437 1
train/P08/P08_01 31318 31407 1
train/P08/P08_21 23303 23438 1
train/P08/P08_05 28233 28418 1
train/P08/P08_21 70161 70236 1
train/P08/P08_05 79600 79748 1
train/P08/P08_06 9031 9121 1
train/P08/P08_05 26713 26985 1
train/P08/P08_01 35342 35718 1
train/P08/P08_23 31599 31786 1
train/P08/P08_05 30813 30906 1
train/P08/P08_21 7786 7869 1
test/P08/P08_09 30932 31606 1
train/P08/P08_05 91698 91788 1
test/P08/P08_16 16211 16279 1
train/P08/P08_05 6883 6989 1
train/P08/P08_21 12185 12275 1
train/P08/P08_05 15180 15347 1
train/P08/P08_21 42925 43058 1
train/P08/P08_05 30912 30996 1
train/P08/P08_05 5919 6120 1
train/P08/P08_05 9205 9250 1
train/P08/P08_05 65792 65867 1
train/P08/P08_18 291 450 1
train/P08/P08_01 22585 22943 1
train/P08/P08_05 59550 59996 1
train/P08/P08_05 30391 30823 1
train/P08/P08_06 2843 3010 1
test/P08/P08_15 19005 19074 1
train/P08/P08_05 71858 72470 1
train/P08/P08_21 67836 67947 1
train/P08/P08_06 16287 16407 1
train/P08/P08_06 126 462 1
train/P08/P08_05 71786 72017 1
train/P08/P08_12 622 954 4
train/P08/P08_18 13794 14157 4
test/P08/P08_17 34071 34227 4
train/P08/P08_23 35255 35411 4
train/P08/P08_21 13358 13451 4
train/P08/P08_23 13161 13327 4
train/P08/P08_26 11555 11712 4
train/P08/P08_21 36017 36913 4
train/P08/P08_23 5732 6139 4
train/P08/P08_26 10633 10833 4
test/P08/P08_10 6328 6560 4
train/P08/P08_18 14433 14895 4
test/P08/P08_10 10128 10825 4
train/P08/P08_05 70027 70242 4
test/P08/P08_14 5084 5196 4
train/P08/P08_06 21941 22556 4
train/P08/P08_21 32087 32255 4
train/P08/P08_18 23459 23930 4
train/P08/P08_26 755 959 4
train/P08/P08_26 17525 18506 4
train/P08/P08_23 79632 79700 4
test/P08/P08_15 14144 14285 4
train/P08/P08_23 47261 47792 4
train/P08/P08_18 3372 3546 4
train/P08/P08_26 2560 2818 4
train/P08/P08_18 21078 21744 4
test/P08/P08_16 10354 10481 4
train/P08/P08_05 19570 19998 4
train/P08/P08_18 17295 17393 4
train/P08/P08_02 5023 5141 4
train/P08/P08_01 17091 17186 4
train/P08/P08_05 803 923 4
train/P08/P08_06 20787 21663 4
test/P08/P08_17 33087 33419 4
train/P08/P08_06 14645 14858 4
train/P08/P08_23 82343 82898 4
test/P08/P08_09 6394 6484 4
train/P08/P08_26 21569 21902 4
train/P08/P08_26 10857 11288 4
test/P08/P08_16 26523 26631 4
train/P08/P08_23 13578 13772 4
test/P08/P08_15 16517 16978 4
train/P08/P08_05 98405 98598 4
train/P08/P08_18 16068 16338 4
train/P08/P08_23 8003 8940 4
test/P08/P08_15 17840 18328 4
train/P08/P08_06 12852 12986 4
train/P08/P08_05 28737 28800 4
train/P08/P08_26 22574 22650 4
test/P08/P08_10 8734 9073 4
train/P08/P08_06 28443 28779 4
train/P08/P08_26 22283 22358 4
train/P08/P08_06 21104 22184 4
test/P08/P08_16 16799 16979 4
train/P08/P08_05 37230 38766 4
test/P08/P08_10 11463 11781 4
train/P08/P08_23 7399 7793 4
train/P08/P08_06 9770 9928 4
train/P08/P08_06 3542 3635 4
train/P08/P08_06 28054 28178 4
train/P08/P08_06 23600 23864 4
train/P08/P08_06 10296 10394 4
train/P08/P08_23 47797 48004 4
train/P08/P08_06 26139 26762 4
train/P08/P08_06 23204 23324 4
train/P08/P08_18 24125 24419 4
train/P08/P08_26 19386 19536 4
train/P08/P08_05 10105 10624 4
train/P08/P08_01 17177 17808 4
train/P08/P08_22 6234 6687 4
train/P08/P08_05 100419 100617 4
train/P08/P08_06 17108 17987 4
train/P08/P08_23 6378 6672 4
train/P08/P08_06 15467 15767 4
train/P08/P08_26 14414 14774 4
train/P08/P08_05 20016 20148 4
train/P08/P08_06 13994 14068 4
train/P08/P08_05 548 698 4
train/P08/P08_06 15997 16274 4
train/P08/P08_06 26927 27079 4
train/P08/P08_05 96204 96694 4
train/P08/P08_06 12180 12549 4
train/P08/P08_06 11388 11574 4
train/P08/P08_05 27033 27203 4
train/P08/P08_06 10891 10968 4
test/P08/P08_10 13333 13656 4
train/P08/P08_06 13450 13773 4
test/P08/P08_14 7911 8336 7
test/P08/P08_09 23142 23541 7
train/P08/P08_05 5502 5682 7
test/P08/P08_17 11898 12548 7
train/P08/P08_24 25482 25842 7
train/P08/P08_21 26283 26527 7
test/P08/P08_17 21300 21603 7
train/P08/P08_23 70160 70362 7
train/P08/P08_23 74202 74435 7
test/P08/P08_15 4478 4576 7
train/P08/P08_05 92304 92409 7
train/P08/P08_21 40747 40922 7
test/P08/P08_09 34133 34283 7
train/P08/P08_21 21576 21771 7
train/P08/P08_21 21423 21596 7
train/P08/P08_21 43849 44031 7
train/P08/P08_05 54476 54734 7
train/P08/P08_21 19139 19335 7
train/P08/P08_21 53631 53966 7
train/P08/P08_21 62415 62672 7
test/P08/P08_09 21359 22162 5
train/P08/P08_24 9479 9750 5
train/P08/P08_05 45593 46217 5
train/P08/P08_23 42499 43174 5
train/P08/P08_24 7181 7450 5
train/P08/P08_24 3762 4490 5
test/P08/P08_16 19728 20330 5
train/P08/P08_24 7235 7442 5
train/P08/P08_08 3002 3137 5
test/P08/P08_16 24741 24929 5
train/P08/P08_23 39302 40329 5
train/P08/P08_20 8077 8242 5
train/P08/P08_23 31007 31584 5
train/P08/P08_05 29238 29655 5
train/P08/P08_20 8039 8599 5
train/P08/P08_24 9185 9307 5
train/P08/P08_03 4416 4692 5
train/P08/P08_20 2371 2491 5
train/P08/P08_23 51335 52463 5
train/P08/P08_23 9560 10436 5
train/P08/P08_05 28881 29232 5
train/P08/P08_23 25452 26442 5
train/P08/P08_05 4743 4961 5
train/P08/P08_05 75636 75960 5
train/P08/P08_23 35379 35657 5
train/P08/P08_23 81013 81179 5
train/P08/P08_24 32099 32666 6
train/P08/P08_23 74879 75987 6
train/P08/P08_24 29818 30927 6
test/P08/P08_17 15862 16130 6
test/P08/P08_17 9571 9946 6
test/P08/P08_17 22190 22488 6
train/P08/P08_24 26203 26918 6
train/P08/P08_23 89393 89792 6
train/P08/P08_21 54164 54710 6
test/P08/P08_15 25391 25895 6
train/P08/P08_05 93769 94456 6
train/P08/P08_05 81672 82348 6
test/P08/P08_17 2387 2939 6
train/P08/P08_21 54195 54368 6
train/P08/P08_21 52046 52383 6
train/P08/P08_24 12692 13073 6
train/P08/P08_21 38644 40063 6
train/P08/P08_21 73884 74967 6
train/P08/P08_21 73345 73885 6
